E, cm-1	Sigma_00, cm2	
1.0524308370e+05	3.8371693594e-14
1.0524308907e+05	3.8052740094e-14
1.0524309450e+05	4.8696857608e-14
1.0524310000e+05	4.8596148944e-14
1.0524310555e+05	4.8494251181e-14
1.0524311118e+05	4.8391114451e-14
1.0524311686e+05	4.8286687464e-14
1.0524312262e+05	4.8180917503e-14
1.0524312844e+05	4.8073750412e-14
1.0524313432e+05	4.7965130599e-14
1.0524314028e+05	4.7855001034e-14
1.0524314630e+05	4.7743303244e-14
1.0524315240e+05	4.7629977319e-14
1.0524315856e+05	4.7514961917e-14
1.0524316480e+05	4.7398194270e-14
1.0524317111e+05	4.7279610193e-14
1.0524317749e+05	4.7159144099e-14
1.0524318395e+05	4.7036729008e-14
1.0524319048e+05	4.6912296574e-14
1.0524319708e+05	4.6785777093e-14
1.0524320376e+05	4.6657099541e-14
1.0524321052e+05	4.6526191590e-14
1.0524321736e+05	4.6392979643e-14
1.0524322428e+05	4.6257388869e-14
1.0524323128e+05	4.6119343241e-14
1.0524323835e+05	4.5978765572e-14
1.0524324551e+05	4.5835577566e-14
1.0524325276e+05	4.5689699868e-14
1.0524326008e+05	4.5541052112e-14
1.0524326750e+05	4.5389552986e-14
1.0524327499e+05	4.5235120290e-14
1.0524328258e+05	4.5077671004e-14
1.0524329025e+05	4.4917121360e-14
1.0524329801e+05	4.4753386922e-14
1.0524330586e+05	4.4586382665e-14
1.0524331380e+05	4.4416023060e-14
1.0524332184e+05	4.4242222173e-14
1.0524332997e+05	4.4064893756e-14
1.0524333819e+05	4.3883951355e-14
1.0524334650e+05	4.3699308419e-14
1.0524335491e+05	4.3510878409e-14
1.0524336342e+05	4.3318574929e-14
1.0524337203e+05	4.3122311843e-14
1.0524338074e+05	4.2922003414e-14
1.0524338955e+05	4.2717564440e-14
1.0524339846e+05	4.6231806053e-14
1.0524340748e+05	4.6158636183e-14
1.0524341659e+05	4.6085016194e-14
1.0524342582e+05	4.6010906678e-14
1.0524343515e+05	4.5936266167e-14
1.0524344459e+05	4.5861051061e-14
1.0524345414e+05	4.5785215564e-14
1.0524346380e+05	4.5708711616e-14
1.0524347357e+05	4.5631488829e-14
1.0524348345e+05	4.5553494419e-14
1.0524349345e+05	4.5474673145e-14
1.0524350356e+05	4.5394967244e-14
1.0524351379e+05	4.5314316373e-14
1.0524352414e+05	4.5232657549e-14
1.0524353461e+05	4.5149925094e-14
1.0524354520e+05	4.5066050578e-14
1.0524355592e+05	4.4980962774e-14
1.0524356675e+05	4.4894587604e-14
1.0524357772e+05	4.4806848099e-14
1.0524358881e+05	4.4717664361e-14
1.0524360002e+05	4.4626953520e-14
1.0524361137e+05	4.4534629714e-14
1.0524362285e+05	4.4440604053e-14
1.0524363447e+05	4.4344784605e-14
1.0524364621e+05	4.4247076379e-14
1.0524365809e+05	4.4147381321e-14
1.0524367012e+05	4.4045598310e-14
1.0524368228e+05	4.3941623166e-14
1.0524369458e+05	4.3835348665e-14
1.0524370702e+05	4.3726664559e-14
1.0524371961e+05	4.3615457614e-14
1.0524373234e+05	4.3501611644e-14
1.0524374522e+05	4.3385007568e-14
1.0524375825e+05	4.3265523469e-14
1.0524377143e+05	4.3143034665e-14
1.0524378476e+05	4.3017413798e-14
1.0524379825e+05	4.2888530924e-14
1.0524381189e+05	4.2756253626e-14
1.0524382569e+05	4.2620447134e-14
1.0524383966e+05	4.2480974464e-14
1.0524385378e+05	4.2337696561e-14
1.0524386806e+05	4.2190472470e-14
1.0524388252e+05	4.2039159512e-14
1.0524389714e+05	4.1883613480e-14
1.0524391192e+05	4.1723688853e-14
1.0524392688e+05	4.1559239020e-14
1.0524394202e+05	4.1390116530e-14
1.0524395733e+05	4.1216173351e-14
1.0524397281e+05	4.1037261152e-14
1.0524398848e+05	4.0853231602e-14
1.0524400432e+05	4.0663936689e-14
1.0524402035e+05	4.0469229053e-14
1.0524403657e+05	4.0268962341e-14
1.0524405297e+05	4.0062991585e-14
1.0524406956e+05	3.9851173589e-14
1.0524408635e+05	3.9633367346e-14
1.0524410333e+05	3.9409434467e-14
1.0524412050e+05	3.9179239631e-14
1.0524413788e+05	3.8942651056e-14
1.0524415546e+05	3.8699540981e-14
1.0524417323e+05	3.8449786178e-14
1.0524419122e+05	3.8193268466e-14
1.0524420941e+05	3.7929875260e-14
1.0524422782e+05	3.7659500116e-14
1.0524424644e+05	4.2127243080e-14
1.0524426527e+05	4.2048145278e-14
1.0524428432e+05	4.1967368846e-14
1.0524430359e+05	4.1884784165e-14
1.0524432309e+05	4.1800255244e-14
1.0524434281e+05	4.1713639658e-14
1.0524436276e+05	4.1624788507e-14
1.0524438294e+05	4.1533546399e-14
1.0524440335e+05	4.1439751457e-14
1.0524442400e+05	4.1343235351e-14
1.0524444489e+05	4.1243823356e-14
1.0524446602e+05	4.1141334443e-14
1.0524448740e+05	4.1035581399e-14
1.0524450902e+05	4.0926370974e-14
1.0524453090e+05	4.0813504074e-14
1.0524455302e+05	4.0696775982e-14
1.0524457541e+05	4.0575976616e-14
1.0524459805e+05	4.0450890828e-14
1.0524462095e+05	4.0321298749e-14
1.0524464412e+05	4.0186976168e-14
1.0524466756e+05	4.0047694958e-14
1.0524469127e+05	3.9903223545e-14
1.0524471526e+05	3.9753327430e-14
1.0524473952e+05	3.9597769744e-14
1.0524476406e+05	3.9436311866e-14
1.0524478889e+05	4.0961712876e-14
1.0524481400e+05	4.0910231204e-14
1.0524483941e+05	4.0858541233e-14
1.0524486511e+05	4.0806550440e-14
1.0524489110e+05	4.0754157134e-14
1.0524491740e+05	4.0701250075e-14
1.0524494401e+05	4.0647708120e-14
1.0524497092e+05	4.0593399886e-14
1.0524499814e+05	4.0538183440e-14
1.0524502568e+05	4.0481906023e-14
1.0524505353e+05	4.0424403802e-14
1.0524508171e+05	4.0365501667e-14
1.0524511022e+05	4.0305013058e-14
1.0524513905e+05	4.0242739849e-14
1.0524516822e+05	4.0178472269e-14
1.0524519773e+05	4.0111988889e-14
1.0524522758e+05	4.0043056651e-14
1.0524525777e+05	3.9971430967e-14
1.0524528831e+05	3.9896855881e-14
1.0524531921e+05	3.9819064290e-14
1.0524535047e+05	3.9737778250e-14
1.0524538209e+05	3.9652709343e-14
1.0524541407e+05	3.9990926362e-14
1.0524544642e+05	3.9953882539e-14
1.0524547915e+05	3.9917419330e-14
1.0524551226e+05	3.9881497157e-14
1.0524554575e+05	3.9846067386e-14
1.0524557963e+05	3.9811071570e-14
1.0524561390e+05	3.9776440683e-14
1.0524564857e+05	3.9742094368e-14
1.0524568364e+05	3.9707940204e-14
1.0524571911e+05	3.9673872981e-14
1.0524575500e+05	3.9639774019e-14
1.0524579130e+05	3.9605510501e-14
1.0524582802e+05	3.9570934869e-14
1.0524586517e+05	3.9535884249e-14
1.0524590274e+05	3.9500179944e-14
1.0524594076e+05	3.9463626986e-14
1.0524597921e+05	3.9426013753e-14
1.0524601811e+05	3.9387111670e-14
1.0524605746e+05	3.9346674992e-14
1.0524609726e+05	3.9331761219e-14
1.0524613752e+05	3.9300086419e-14
1.0524617826e+05	3.9269175423e-14
1.0524621946e+05	3.9239054418e-14
1.0524626114e+05	3.9209744142e-14
1.0524630330e+05	3.9181258690e-14
1.0524634595e+05	3.9153604277e-14
1.0524638910e+05	3.9126777959e-14
1.0524643274e+05	3.9100766342e-14
1.0524647689e+05	3.9075544270e-14
1.0524652155e+05	3.9051073520e-14
1.0524656673e+05	3.9027301506e-14
1.0524661243e+05	3.9004160008e-14
1.0524665866e+05	3.8981563944e-14
1.0524670542e+05	3.8959410185e-14
1.0524675273e+05	3.8937576441e-14
1.0524680059e+05	3.8915920219e-14
1.0524684899e+05	3.8894277872e-14
1.0524689796e+05	3.8872463753e-14
1.0524694750e+05	3.8850269479e-14
1.0524699761e+05	3.8827463326e-14
1.0524704830e+05	3.8803789758e-14
1.0524709958e+05	3.8778969114e-14
1.0524715145e+05	3.8752697451e-14
1.0524720392e+05	3.8724646557e-14
1.0524725700e+05	3.8694464153e-14
1.0524731069e+05	3.8661774274e-14
1.0524736501e+05	3.8626177860e-14
1.0524741995e+05	3.8587253546e-14
1.0524747554e+05	3.8544558658e-14
1.0524753176e+05	3.8497630434e-14
1.0524758864e+05	3.8445987459e-14
1.0524764617e+05	3.8389131315e-14
1.0524770437e+05	3.8538736050e-14
1.0524776324e+05	3.8523336386e-14
1.0524782280e+05	3.8508825240e-14
1.0524788305e+05	3.8495074835e-14
1.0524794399e+05	3.8481929312e-14
1.0524800564e+05	3.8469203559e-14
1.0524806800e+05	3.8456682251e-14
1.0524813108e+05	3.8444119083e-14
1.0524819490e+05	3.8431236240e-14
1.0524825945e+05	3.8417724109e-14
1.0524832476e+05	3.8403241243e-14
1.0524839081e+05	3.8387414593e-14
1.0524845764e+05	3.8369840015e-14
1.0524852523e+05	3.8350083063e-14
1.0524859361e+05	3.8327680079e-14
1.0524866278e+05	3.8311998633e-14
1.0524873276e+05	3.8295254967e-14
1.0524880354e+05	3.8280066046e-14
1.0524887514e+05	3.8266408194e-14
1.0524894757e+05	3.8254227325e-14
1.0524902084e+05	3.8243436849e-14
1.0524909496e+05	3.8233915805e-14
1.0524916994e+05	3.8225507275e-14
1.0524924578e+05	3.8218017073e-14
1.0524932250e+05	3.8211212753e-14
1.0524940012e+05	3.8204822948e-14
1.0524947863e+05	3.8198537047e-14
1.0524955804e+05	3.8192005244e-14
1.0524963838e+05	3.8227972769e-14
1.0524971965e+05	3.8203745422e-14
1.0524980186e+05	3.8181158868e-14
1.0524988502e+05	3.8160314112e-14
1.0524996915e+05	3.8141284246e-14
1.0525005425e+05	3.8124111107e-14
1.0525014033e+05	3.8108802201e-14
1.0525022741e+05	3.8095327922e-14
1.0525031550e+05	3.8083619122e-14
1.0525040461e+05	3.8073565052e-14
1.0525049476e+05	3.8065011706e-14
1.0525058594e+05	3.8057760597e-14
1.0525067818e+05	3.8239526144e-14
1.0525077149e+05	3.8204739783e-14
1.0525086588e+05	3.8171098021e-14
1.0525096136e+05	3.8138814379e-14
1.0525105795e+05	3.8108081251e-14
1.0525115566e+05	3.8079065176e-14
1.0525125450e+05	3.8051902360e-14
1.0525135448e+05	3.8026694523e-14
1.0525145562e+05	3.8003505119e-14
1.0525155793e+05	3.7982355999e-14
1.0525166143e+05	3.7963224543e-14
1.0525176612e+05	3.7946041315e-14
1.0525187203e+05	3.7930688271e-14
1.0525197916e+05	3.7916997535e-14
1.0525208754e+05	3.7904750783e-14
1.0525219717e+05	3.7893679218e-14
1.0525230807e+05	3.7883464172e-14
1.0525242025e+05	3.7873738308e-14
1.0525253373e+05	3.7864087438e-14
1.0525264853e+05	3.7854052908e-14
1.0525276465e+05	3.7843134561e-14
1.0525288212e+05	3.7830794219e-14
1.0525300095e+05	3.7816459654e-14
1.0525312116e+05	3.7811378652e-14
1.0525324275e+05	3.7782322246e-14
1.0525336576e+05	3.7755356521e-14
1.0525349019e+05	3.7730347238e-14
1.0525361606e+05	3.7707105281e-14
1.0525374339e+05	3.7685387225e-14
1.0525387219e+05	3.7664896664e-14
1.0525400249e+05	3.7645286278e-14
1.0525413429e+05	3.7626160602e-14
1.0525426762e+05	3.7607079461e-14
1.0525440249e+05	3.7686771115e-14
1.0525453893e+05	3.7638061503e-14
1.0525467694e+05	3.7591776422e-14
1.0525481655e+05	3.7547939985e-14
1.0525495778e+05	3.7506518147e-14
1.0525510065e+05	3.7467418214e-14
1.0525524517e+05	3.7430489300e-14
1.0525539136e+05	3.7395523707e-14
1.0525553924e+05	3.7362259196e-14
1.0525568884e+05	3.7330382097e-14
1.0525584017e+05	3.7499679215e-14
1.0525599325e+05	3.7432213336e-14
1.0525614811e+05	3.7367370361e-14
1.0525630476e+05	3.7305298693e-14
1.0525646322e+05	3.7246085681e-14
1.0525662352e+05	3.7189756386e-14
1.0525678567e+05	3.7136273502e-14
1.0525694970e+05	3.7085538413e-14
1.0525711563e+05	3.7037393338e-14
1.0525728348e+05	3.7310157838e-14
1.0525745328e+05	3.7224782165e-14
1.0525762504e+05	3.7142106462e-14
1.0525779879e+05	3.7062424077e-14
1.0525797455e+05	3.6985965401e-14
1.0525815235e+05	3.6912895132e-14
1.0525833220e+05	3.6843310961e-14
1.0525851414e+05	3.6777243671e-14
1.0525869819e+05	3.6714658595e-14
1.0525888436e+05	3.6655458364e-14
1.0525907270e+05	3.6599486830e-14
1.0525926321e+05	3.6546534045e-14
1.0525945593e+05	3.6496342133e-14
1.0525965088e+05	3.6448611871e-14
1.0525984809e+05	3.6403009799e-14
1.0526004758e+05	3.6359175604e-14
1.0526024938e+05	3.6316729582e-14
1.0526045352e+05	3.6373435381e-14
1.0526066002e+05	3.6305867975e-14
1.0526086892e+05	3.6242444188e-14
1.0526108023e+05	3.6183016902e-14
1.0526129399e+05	3.6127386877e-14
1.0526151022e+05	3.6075309991e-14
1.0526172896e+05	3.6026505014e-14
1.0526195023e+05	3.5980661643e-14
1.0526217407e+05	3.6112374345e-14
1.0526240049e+05	3.6038318825e-14
1.0526262954e+05	3.5969223104e-14
1.0526286124e+05	3.5905010799e-14
1.0526309562e+05	3.5845543335e-14
1.0526333272e+05	3.5790627393e-14
1.0526357256e+05	3.5740023120e-14
1.0526381518e+05	3.5967321678e-14
1.0526406061e+05	3.5886964674e-14
1.0526430888e+05	3.5812050762e-14
1.0526456002e+05	3.5742592686e-14
1.0526481408e+05	3.5678525189e-14
1.0526507107e+05	3.5619711959e-14
1.0526533104e+05	3.5565953896e-14
1.0526559403e+05	3.5516998342e-14
1.0526586005e+05	3.5786700504e-14
1.0526612916e+05	3.5709335073e-14
1.0526640138e+05	3.5637484171e-14
1.0526667676e+05	3.5571115578e-14
1.0526695532e+05	3.5510113532e-14
1.0526723711e+05	3.5454287361e-14
1.0526752216e+05	3.5403381577e-14
1.0526781052e+05	3.5357087005e-14
1.0526810221e+05	3.5315052463e-14
1.0526839728e+05	3.5276896545e-14
1.0526869577e+05	3.5242219031e-14
1.0526899771e+05	3.5210611487e-14
1.0526930315e+05	3.5181666664e-14
1.0526961213e+05	3.5329665076e-14
1.0526992468e+05	3.5279473559e-14
1.0527024085e+05	3.5233073176e-14
1.0527056069e+05	3.5190069039e-14
1.0527088423e+05	3.5150050093e-14
1.0527121151e+05	3.5112601694e-14
1.0527154258e+05	3.5077316945e-14
1.0527187749e+05	3.5258760665e-14
1.0527221628e+05	3.5201309032e-14
1.0527255899e+05	3.5146950003e-14
1.0527290566e+05	3.5095311780e-14
1.0527325636e+05	3.5046013703e-14
1.0527361111e+05	3.4998680011e-14
1.0527396997e+05	3.5221677797e-14
1.0527433298e+05	3.5151397728e-14
1.0527470020e+05	3.5083973150e-14
1.0527507167e+05	3.5019105719e-14
1.0527544745e+05	3.4956481451e-14
1.0527582757e+05	3.4895786140e-14
1.0527621210e+05	3.5145639938e-14
1.0527660107e+05	3.5062749484e-14
1.0527699456e+05	3.4982764556e-14
1.0527739259e+05	3.4905472623e-14
1.0527779524e+05	3.4830636784e-14
1.0527820255e+05	3.4758012238e-14
1.0527861458e+05	3.4687361955e-14
1.0527903138e+05	3.4618471068e-14
1.0527945300e+05	3.4551159587e-14
1.0527987951e+05	3.4485293080e-14
1.0528031095e+05	3.4420791013e-14
1.0528074739e+05	3.4591822827e-14
1.0528118889e+05	3.4513992956e-14
1.0528163549e+05	3.4438549611e-14
1.0528208727e+05	3.4365323542e-14
1.0528254428e+05	3.4294183752e-14
1.0528300658e+05	3.4225047725e-14
1.0528347424e+05	3.4417882016e-14
1.0528394731e+05	3.4338411149e-14
1.0528442585e+05	3.4261810437e-14
1.0528490994e+05	3.4187843957e-14
1.0528539964e+05	3.4116308822e-14
1.0528589500e+05	3.4339399942e-14
1.0528639610e+05	3.4259079513e-14
1.0528690301e+05	3.4181881744e-14
1.0528741578e+05	3.4107429884e-14
1.0528793449e+05	3.4035369761e-14
1.0528845921e+05	3.4281540565e-14
1.0528899000e+05	3.4201387794e-14
1.0528952694e+05	3.4124067681e-14
1.0529007010e+05	3.4049069391e-14
1.0529061954e+05	3.3975903713e-14
1.0529117535e+05	3.3904129451e-14
1.0529173760e+05	3.3833378381e-14
1.0529230635e+05	3.3763377212e-14
1.0529288169e+05	3.3693964332e-14
1.0529346369e+05	3.3625098651e-14
1.0529405244e+05	3.3844904866e-14
1.0529464800e+05	3.3768437029e-14
1.0529525045e+05	3.3691684384e-14
1.0529585988e+05	3.3614495507e-14
1.0529647637e+05	3.3536873955e-14
1.0529710000e+05	3.3766002897e-14
1.0529773085e+05	3.3680843518e-14
1.0529836900e+05	3.3594653544e-14
1.0529901454e+05	3.3507392931e-14
1.0529966756e+05	3.3745473477e-14
1.0530032814e+05	3.3651906884e-14
1.0530099637e+05	3.3557271674e-14
1.0530167234e+05	3.3461508389e-14
1.0530235613e+05	3.3364746594e-14
1.0530304784e+05	3.3603163898e-14
1.0530374756e+05	3.3502260468e-14
1.0530445539e+05	3.3400697503e-14
1.0530517141e+05	3.3298547015e-14
1.0530589572e+05	3.3196069107e-14
1.0530662842e+05	3.3093716721e-14
1.0530736960e+05	3.2992120250e-14
1.0530811937e+05	3.2892050161e-14
1.0530887781e+05	3.3125763030e-14
1.0530964504e+05	3.3022479746e-14
1.0531042116e+05	3.2920041607e-14
1.0531120626e+05	3.2819071416e-14
1.0531200045e+05	3.3064598386e-14
1.0531280384e+05	3.2962683392e-14
1.0531361653e+05	3.2861253963e-14
1.0531443863e+05	3.2760723839e-14
1.0531527025e+05	3.3014325087e-14
1.0531611150e+05	3.2913547094e-14
1.0531696249e+05	3.2812331293e-14
1.0531782333e+05	3.2710912674e-14
1.0531869415e+05	3.2967459395e-14
1.0531957504e+05	3.2865178398e-14
1.0532046614e+05	3.2761221054e-14
1.0532136756e+05	3.2655783192e-14
1.0532227941e+05	3.2549325410e-14
1.0532320182e+05	3.2442524296e-14
1.0532413492e+05	3.2336195635e-14
1.0532507882e+05	3.2231202180e-14
1.0532603364e+05	3.2466836836e-14
1.0532699953e+05	3.2352322865e-14
1.0532797660e+05	3.2238159415e-14
1.0532896498e+05	3.2125485725e-14
1.0532996481e+05	3.2359265314e-14
1.0533097621e+05	3.2239033586e-14
1.0533199933e+05	3.2119941740e-14
1.0533303429e+05	3.2359365940e-14
1.0533408124e+05	3.2236946120e-14
1.0533514031e+05	3.2115462300e-14
1.0533621165e+05	3.1996233546e-14
1.0533729539e+05	3.2236958449e-14
1.0533839168e+05	3.2116527769e-14
1.0533950066e+05	3.1997798832e-14
1.0534062249e+05	3.1881904088e-14
1.0534175730e+05	3.1769855706e-14
1.0534290526e+05	3.1662424583e-14
1.0534406651e+05	3.1560054497e-14
1.0534524120e+05	3.1779591203e-14
1.0534642950e+05	3.1669807059e-14
1.0534763156e+05	3.1563800664e-14
1.0534884753e+05	3.1790632058e-14
1.0535007759e+05	3.1676846478e-14
1.0535132189e+05	3.1565489088e-14
1.0535258060e+05	3.1794191005e-14
1.0535385388e+05	3.1675235316e-14
1.0535514191e+05	3.1557822068e-14
1.0535644485e+05	3.1442938866e-14
1.0535776288e+05	3.1661404057e-14
1.0535909617e+05	3.1539201521e-14
1.0536044490e+05	3.1419740464e-14
1.0536180925e+05	3.1304113467e-14
1.0536318940e+05	3.1193053840e-14
1.0536458553e+05	3.1086894094e-14
1.0536599782e+05	3.1277740940e-14
1.0536742647e+05	3.1166907251e-14
1.0536887166e+05	3.1061616402e-14
1.0537033358e+05	3.1258877291e-14
1.0537181244e+05	3.1149989610e-14
1.0537330842e+05	3.1046370762e-14
1.0537482172e+05	3.1247960121e-14
1.0537635254e+05	3.1139955374e-14
1.0537790109e+05	3.1036115793e-14
1.0537946757e+05	3.1237822159e-14
1.0538105219e+05	3.1127773646e-14
1.0538265516e+05	3.1020693357e-14
1.0538427669e+05	3.0916285519e-14
1.0538591700e+05	3.0813965376e-14
1.0538757630e+05	3.0992050607e-14
1.0538925482e+05	3.0882902074e-14
1.0539095277e+05	3.0776218131e-14
1.0539267038e+05	3.0950574822e-14
1.0539440788e+05	3.0839206437e-14
1.0539616550e+05	3.0731322876e-14
1.0539794347e+05	3.0904447541e-14
1.0539974204e+05	3.0794319898e-14
1.0540156142e+05	3.0688224376e-14
1.0540340188e+05	3.0861485892e-14
1.0540526364e+05	3.0753747234e-14
1.0540714697e+05	3.0649338370e-14
1.0540905210e+05	3.0546930216e-14
1.0541097929e+05	3.0445019872e-14
1.0541292880e+05	3.0606989700e-14
1.0541490089e+05	3.0501369807e-14
1.0541689580e+05	3.0394784590e-14
1.0541891382e+05	3.0550186212e-14
1.0542095521e+05	3.0439123908e-14
1.0542302023e+05	3.0591126365e-14
1.0542510917e+05	3.0476214159e-14
1.0542722229e+05	3.0361695480e-14
1.0542935989e+05	3.0509354932e-14
1.0543152223e+05	3.0394276456e-14
1.0543370962e+05	3.0280476951e-14
1.0543592233e+05	3.0167119536e-14
1.0543816067e+05	3.0053574327e-14
1.0544042492e+05	3.0203769401e-14
1.0544271540e+05	3.0091520294e-14
1.0544503239e+05	3.0239394648e-14
1.0544737622e+05	3.0126650332e-14
1.0544974718e+05	3.0270210227e-14
1.0545214560e+05	3.0155322760e-14
1.0545457179e+05	3.0038018253e-14
1.0545702608e+05	3.0176389975e-14
1.0545950879e+05	3.0057670622e-14
1.0546202024e+05	2.9937256757e-14
1.0546456077e+05	2.9815605739e-14
1.0546713073e+05	2.9955840846e-14
1.0546973044e+05	2.9837089386e-14
1.0547236025e+05	2.9718340386e-14
1.0547502052e+05	2.9862154632e-14
1.0547771159e+05	2.9746121365e-14
1.0548043382e+05	2.9888522119e-14
1.0548318758e+05	2.9773052544e-14
1.0548597322e+05	2.9911098024e-14
1.0548879112e+05	2.9793848887e-14
1.0549164164e+05	2.9673001533e-14
1.0549452518e+05	2.9549696367e-14
1.0549744210e+05	2.9683085214e-14
1.0550039280e+05	2.9558289458e-14
1.0550337767e+05	2.9433741078e-14
1.0550639710e+05	2.9565528533e-14
1.0550945150e+05	2.9442425279e-14
1.0551254126e+05	2.9574251633e-14
1.0551566680e+05	2.9452454005e-14
1.0551882854e+05	2.9582447384e-14
1.0552202688e+05	2.9459599489e-14
1.0552526226e+05	2.9335497290e-14
1.0552853510e+05	2.9211539130e-14
1.0553184584e+05	2.9330519662e-14
1.0553519492e+05	2.9202741196e-14
1.0553858278e+05	2.9318177508e-14
1.0554200987e+05	2.9189606923e-14
1.0554547664e+05	2.9304569719e-14
1.0554898355e+05	2.9178164001e-14
1.0555253107e+05	2.9294101096e-14
1.0555611968e+05	2.9169929720e-14
1.0555974983e+05	2.9048524538e-14
1.0556342202e+05	2.8929868305e-14
1.0556713673e+05	2.9037054160e-14
1.0557089446e+05	2.9144471806e-14
1.0557469570e+05	2.9018429305e-14
1.0557854095e+05	2.9122209122e-14
1.0558243074e+05	2.8996028590e-14
1.0558636556e+05	2.9099101721e-14
1.0559034594e+05	2.8975452423e-14
1.0559437242e+05	2.8856067024e-14
1.0559844552e+05	2.8739974669e-14
1.0560256579e+05	2.8838005490e-14
1.0560673376e+05	2.8720187233e-14
1.0561095000e+05	2.8813203500e-14
1.0561521506e+05	2.8904741408e-14
1.0561952951e+05	2.8780051103e-14
1.0562389392e+05	2.8867996575e-14
1.0562830886e+05	2.8744033855e-14
1.0563277493e+05	2.8623258701e-14
1.0563729271e+05	2.8504046224e-14
1.0564186280e+05	2.8590880045e-14
1.0564648582e+05	2.8675824057e-14
1.0565116236e+05	2.8555156162e-14
1.0565589306e+05	2.8635813491e-14
1.0566067854e+05	2.8512880070e-14
1.0566551943e+05	2.8590712830e-14
1.0567041637e+05	2.8468369460e-14
1.0567537002e+05	2.8346259720e-14
1.0568038103e+05	2.8426636915e-14
1.0568545006e+05	2.8305638260e-14
1.0569057779e+05	2.8384780346e-14
1.0569576490e+05	2.8460076165e-14
1.0570101207e+05	2.8336531754e-14
1.0570632000e+05	2.8408103902e-14
1.0571168939e+05	2.8282853982e-14
1.0571712096e+05	2.8156039713e-14
1.0572261542e+05	2.8229717911e-14
1.0572817351e+05	2.8301435015e-14
1.0573379595e+05	2.8176607286e-14
1.0573948350e+05	2.8245880812e-14
1.0574523691e+05	2.8311091874e-14
1.0575105694e+05	2.8183465100e-14
1.0575694436e+05	2.8053442172e-14
1.0576289996e+05	2.8119410453e-14
1.0576892452e+05	2.7991051750e-14
1.0577501883e+05	2.8057791073e-14
1.0578118372e+05	2.8122187023e-14
1.0578742000e+05	2.7993059953e-14
1.0579372848e+05	2.8053681507e-14
1.0580011002e+05	2.7921938563e-14
1.0580656545e+05	2.7791433846e-14
1.0581309563e+05	2.7850755398e-14
1.0581970143e+05	2.7910169122e-14
1.0582638371e+05	2.7781409610e-14
1.0583314338e+05	2.7837647584e-14
1.0583998132e+05	2.7891511366e-14
1.0584689844e+05	2.7759264956e-14
1.0585389565e+05	2.7630473617e-14
1.0586097389e+05	2.7681479928e-14
1.0586813409e+05	2.7733014366e-14
1.0587537720e+05	2.7606609940e-14
1.0588270418e+05	2.7654648537e-14
1.0589011601e+05	2.7700794996e-14
1.0589761366e+05	2.7571834092e-14
1.0590519813e+05	2.7447066450e-14
1.0591287042e+05	2.7490865191e-14
1.0592063156e+05	2.7534318067e-14
1.0592848256e+05	2.7576378994e-14
1.0593642447e+05	2.7616457859e-14
1.0594445835e+05	2.7488494694e-14
1.0595258526e+05	2.7363867610e-14
1.0596080627e+05	2.7401693760e-14
1.0596912247e+05	2.7439124361e-14
1.0597753497e+05	2.7316199720e-14
1.0598604489e+05	2.7350578810e-14
1.0599465334e+05	2.7382979987e-14
1.0600336148e+05	2.7258597842e-14
1.0601217045e+05	2.7291556608e-14
1.0602108142e+05	2.7323585653e-14
1.0603009558e+05	2.7199487053e-14
1.0603921412e+05	2.7228842729e-14
1.0604843824e+05	2.7256471113e-14
1.0605776918e+05	2.7130760945e-14
1.0606720816e+05	2.7160003786e-14
1.0607675644e+05	2.7187511738e-14
1.0608641529e+05	2.7059517366e-14
1.0609618598e+05	2.7084809778e-14
1.0610606981e+05	2.7109232783e-14
1.0611606808e+05	2.6979937056e-14
1.0612618213e+05	2.7005563345e-14
1.0613641330e+05	2.7028598332e-14
1.0614676294e+05	2.7049281302e-14
1.0615723242e+05	2.6917180620e-14
1.0616782314e+05	2.6939332800e-14
1.0617853648e+05	2.6805843745e-14
1.0618937388e+05	2.6826231567e-14
1.0620033678e+05	2.6844944544e-14
1.0621142662e+05	2.6863111456e-14
1.0622264487e+05	2.6880880823e-14
1.0623399302e+05	2.6746381139e-14
1.0624547258e+05	2.6761093814e-14
1.0625708507e+05	2.6775409744e-14
1.0626883202e+05	2.6791080181e-14
1.0628071499e+05	2.6805678001e-14
1.0629273557e+05	2.6670957889e-14
1.0630489533e+05	2.6538221998e-14
1.0631719590e+05	2.6548607352e-14
1.0632963890e+05	2.6557341387e-14
1.0634222599e+05	2.6565270494e-14
1.0635495882e+05	2.6573646236e-14
1.0636783910e+05	2.6444778490e-14
1.0638086852e+05	2.6454705815e-14
1.0639404882e+05	2.6463809523e-14
1.0640738174e+05	2.6470995571e-14
1.0642086904e+05	2.6475921875e-14
1.0643451252e+05	2.6344857399e-14
1.0644831399e+05	2.6345120824e-14
1.0646227527e+05	2.6344185273e-14
1.0647639821e+05	2.6343101898e-14
1.0649068469e+05	2.6342339073e-14
1.0650513660e+05	2.6342893263e-14
1.0651975585e+05	2.6344944390e-14
1.0653454439e+05	2.6347589203e-14
1.0654950417e+05	2.6350287811e-14
1.0656463717e+05	2.6224257982e-14
1.0657994541e+05	2.6224664398e-14
1.0659543091e+05	2.6222460607e-14
1.0661109572e+05	2.6217371218e-14
1.0662694192e+05	2.6208964087e-14
1.0664297161e+05	2.6070422710e-14
1.0665918692e+05	2.6058422291e-14
1.0667558999e+05	2.6045123524e-14
1.0669218300e+05	2.6031770485e-14
1.0670896815e+05	2.6019449460e-14
1.0672594766e+05	2.6008335910e-14
1.0674312379e+05	2.5999034063e-14
1.0676049880e+05	2.5991724439e-14
1.0677807501e+05	2.5985602808e-14
1.0679585474e+05	2.5859428795e-14
1.0681384035e+05	2.5855221637e-14
1.0683203423e+05	2.5968911735e-14
1.0685043878e+05	2.5960865359e-14
1.0686905644e+05	2.5833227925e-14
1.0688788969e+05	2.5820451344e-14
1.0690694101e+05	2.5804497577e-14
1.0692621294e+05	2.5899850036e-14
1.0694570803e+05	2.5762998969e-14
1.0696542886e+05	2.5738288339e-14
1.0698537804e+05	2.5711761838e-14
1.0700555823e+05	2.5683852266e-14
1.0702597209e+05	2.5655861459e-14
1.0704662234e+05	2.5628288958e-14
1.0706751170e+05	2.5601599037e-14
1.0708864295e+05	2.5576796716e-14
1.0711001889e+05	2.5553848305e-14
1.0713164235e+05	2.5532930444e-14
1.0715351620e+05	2.5514364937e-14
1.0717564333e+05	2.5606494313e-14
1.0719802669e+05	2.5481822861e-14
1.0722066923e+05	2.5467357356e-14
1.0724357396e+05	2.5562104159e-14
1.0726674391e+05	2.5547194842e-14
1.0729018216e+05	2.5422177582e-14
1.0731389182e+05	2.5404369985e-14
1.0733787601e+05	2.5492485330e-14
1.0736213794e+05	2.5469040776e-14
1.0738668080e+05	2.5442282360e-14
1.0741150785e+05	2.5412446095e-14
1.0743662239e+05	2.5379033998e-14
1.0746202774e+05	2.5342509496e-14
1.0748772727e+05	2.5303147008e-14
1.0751372439e+05	2.5261054256e-14
1.0754002253e+05	2.5318450118e-14
1.0756662520e+05	2.5171413644e-14
1.0759353591e+05	2.5224630453e-14
1.0762075824e+05	2.5177224030e-14
1.0764829578e+05	2.5129845422e-14
1.0767615219e+05	2.5083399388e-14
1.0770433117e+05	2.5038015387e-14
1.0773283644e+05	2.5092082252e-14
1.0776167179e+05	2.4952144572e-14
1.0779084103e+05	2.5010936000e-14
1.0782034804e+05	2.4973694970e-14
1.0785019672e+05	2.4938555434e-14
1.0788039104e+05	2.4905454741e-14
1.0791093499e+05	2.4972514586e-14
1.0794183262e+05	2.4943304575e-14
1.0797308803e+05	2.4915590962e-14
1.0800470536e+05	2.4888841615e-14
1.0803668880e+05	2.4958909395e-14
1.0806904259e+05	2.4932570142e-14
1.0810177102e+05	2.4905725962e-14
1.0813487843e+05	2.4972519202e-14
1.0816836921e+05	2.4850258701e-14
1.0820224779e+05	2.4911646016e-14
1.0823651866e+05	2.4970199778e-14
1.0827118637e+05	2.4843444253e-14
1.0830625552e+05	2.4894332685e-14
1.0834173075e+05	2.4852392166e-14
1.0837761676e+05	2.4807676641e-14
1.0841391831e+05	2.4846198249e-14
1.0845064021e+05	2.4794247089e-14
1.0848778734e+05	2.4738852415e-14
1.0852536460e+05	2.4766037388e-14
1.0856337699e+05	2.4704379419e-14
1.0860182955e+05	2.4639510629e-14
1.0864072736e+05	2.4658110371e-14
1.0868007559e+05	2.4588811516e-14
1.0871987945e+05	2.4517802313e-14
1.0876014422e+05	2.4531167521e-14
1.0880087523e+05	2.4543054913e-14
1.0884207788e+05	2.4385498555e-14
1.0888375764e+05	2.4397775885e-14
1.0892592002e+05	2.4409883759e-14
1.0896857063e+05	2.4339409528e-14
1.0901171510e+05	2.4353355081e-14
1.0905535917e+05	2.4286478610e-14
1.0909950861e+05	2.4222278891e-14
1.0914416927e+05	2.4241468738e-14
