E, cm-1	Sigma_00, cm2	
9.3076713700e+04	2.1385189075e-14
9.3076719069e+04	2.0783106097e-14
9.3076724501e+04	8.1410142505e-14
9.3076729995e+04	8.0069287768e-14
9.3076735554e+04	7.8740378164e-14
9.3076741176e+04	7.7423343592e-14
9.3076746864e+04	7.6118121569e-14
9.3076752617e+04	7.4824657044e-14
9.3076758437e+04	7.3542902192e-14
9.3076764324e+04	7.2272816227e-14
9.3076770280e+04	7.1014365218e-14
9.3076776305e+04	6.9767521891e-14
9.3076782399e+04	6.8532265452e-14
9.3076788564e+04	6.7308581399e-14
9.3076794800e+04	6.6096461346e-14
9.3076801108e+04	6.4895902835e-14
9.3076807490e+04	6.3706909161e-14
9.3076813945e+04	6.2529489189e-14
9.3076820476e+04	6.1363657180e-14
9.3076827081e+04	6.0209432598e-14
9.3076833764e+04	5.9066839945e-14
9.3076840523e+04	5.7935908569e-14
9.3076847361e+04	5.6816672483e-14
9.3076854278e+04	5.5709170183e-14
9.3076861276e+04	5.4613444463e-14
9.3076868354e+04	5.3529542224e-14
9.3076875514e+04	5.2457514283e-14
9.3076882757e+04	5.1397415190e-14
9.3076890084e+04	5.0349303021e-14
9.3076897496e+04	4.9313239192e-14
9.3076904994e+04	4.8289288253e-14
9.3076912578e+04	4.7277517684e-14
9.3076920250e+04	4.6277997692e-14
9.3076928012e+04	4.5290801005e-14
9.3076935863e+04	4.4316002650e-14
9.3076943804e+04	4.3353679744e-14
9.3076951838e+04	4.2403911276e-14
9.3076959965e+04	4.1466777875e-14
9.3076968186e+04	4.0542361594e-14
9.3076976502e+04	3.9630745673e-14
9.3076984915e+04	3.8732014307e-14
9.3076993425e+04	3.7846252409e-14
9.3077002033e+04	3.6973545369e-14
9.3077010741e+04	3.6113978810e-14
9.3077019550e+04	3.5267638339e-14
9.3077028461e+04	8.6211100484e-14
9.3077037476e+04	8.4752936677e-14
9.3077046594e+04	8.3310813740e-14
9.3077055818e+04	8.1884606540e-14
9.3077065149e+04	8.0474184143e-14
9.3077074588e+04	7.9079411996e-14
9.3077084136e+04	7.7700153837e-14
9.3077093795e+04	7.6336273341e-14
9.3077103566e+04	7.4987635548e-14
9.3077113450e+04	7.3654108086e-14
9.3077123448e+04	7.2335562208e-14
9.3077133562e+04	7.1031873690e-14
9.3077143793e+04	6.9742923565e-14
9.3077154143e+04	6.8468598754e-14
9.3077164612e+04	6.7208792563e-14
9.3077175203e+04	6.5963405105e-14
9.3077185916e+04	6.4732343613e-14
9.3077196754e+04	6.3515522693e-14
9.3077207717e+04	6.2312864495e-14
9.3077218807e+04	6.1124298830e-14
9.3077230025e+04	5.9949763222e-14
9.3077241373e+04	5.8789202925e-14
9.3077252853e+04	5.7642570885e-14
9.3077264465e+04	5.6509827663e-14
9.3077276212e+04	5.5390941326e-14
9.3077288095e+04	5.4285887310e-14
9.3077300116e+04	5.3194648238e-14
9.3077312275e+04	5.2117213736e-14
9.3077324576e+04	5.1053580199e-14
9.3077337019e+04	5.0003750553e-14
9.3077349606e+04	4.8967733996e-14
9.3077362339e+04	4.7945545711e-14
9.3077375219e+04	4.6937206570e-14
9.3077388249e+04	4.5942742821e-14
9.3077401429e+04	4.4962185762e-14
9.3077414762e+04	4.3995571400e-14
9.3077428249e+04	4.3042940093e-14
9.3077441893e+04	4.2104336197e-14
9.3077455694e+04	4.1179807684e-14
9.3077469655e+04	4.0269405760e-14
9.3077483778e+04	3.9373184474e-14
9.3077498065e+04	3.8491200319e-14
9.3077512517e+04	3.7623511824e-14
9.3077527136e+04	3.6770179138e-14
9.3077541924e+04	3.5931263616e-14
9.3077556884e+04	3.5106827388e-14
9.3077572017e+04	3.4296932938e-14
9.3077587325e+04	3.3501642663e-14
9.3077602811e+04	3.2721018450e-14
9.3077618476e+04	3.1955121229e-14
9.3077634322e+04	3.1204010542e-14
9.3077650352e+04	3.0467744101e-14
9.3077666567e+04	2.9746377356e-14
9.3077682970e+04	2.9039963057e-14
9.3077699563e+04	2.8348550823e-14
9.3077716348e+04	2.7672186710e-14
9.3077733328e+04	2.7010912793e-14
9.3077750504e+04	2.6364766740e-14
9.3077767879e+04	2.5733781408e-14
9.3077785455e+04	2.5117984433e-14
9.3077803235e+04	2.4517397839e-14
9.3077821220e+04	2.3932037650e-14
9.3077839414e+04	2.3361913520e-14
9.3077857819e+04	2.2807028367e-14
9.3077876436e+04	5.0616094716e-14
9.3077895270e+04	4.9594181906e-14
9.3077914321e+04	4.8586121459e-14
9.3077933593e+04	4.7591979174e-14
9.3077953088e+04	4.6611819219e-14
9.3077972809e+04	4.5645704601e-14
9.3077992758e+04	4.4693697509e-14
9.3078012938e+04	4.3755859560e-14
9.3078033352e+04	4.2832251941e-14
9.3078054002e+04	4.1922935474e-14
9.3078074892e+04	4.1027970601e-14
9.3078096023e+04	4.0147417305e-14
9.3078117399e+04	3.9281334974e-14
9.3078139022e+04	3.8429782210e-14
9.3078160896e+04	3.7592816594e-14
9.3078183023e+04	3.6770494417e-14
9.3078205407e+04	3.5962870373e-14
9.3078228049e+04	3.5169997222e-14
9.3078250954e+04	3.4391925441e-14
9.3078274124e+04	3.3628702845e-14
9.3078297562e+04	3.2880374200e-14
9.3078321272e+04	3.2146980826e-14
9.3078345256e+04	3.1428560196e-14
9.3078369518e+04	3.0725145524e-14
9.3078394061e+04	3.0036765371e-14
9.3078418888e+04	5.4476555705e-14
9.3078444002e+04	5.3464078765e-14
9.3078469408e+04	5.2461506755e-14
9.3078495107e+04	5.1469293250e-14
9.3078521104e+04	5.0487849032e-14
9.3078547403e+04	4.9517546621e-14
9.3078574005e+04	4.8558724334e-14
9.3078600916e+04	4.7611689909e-14
9.3078628138e+04	4.6676723713e-14
9.3078655676e+04	4.5754081573e-14
9.3078683532e+04	4.4843997257e-14
9.3078711711e+04	4.3946684639e-14
9.3078740216e+04	4.3062339570e-14
9.3078769052e+04	4.2191141481e-14
9.3078798221e+04	4.1333254764e-14
9.3078827728e+04	4.0488829923e-14
9.3078857577e+04	3.9658004546e-14
9.3078887771e+04	3.8840904106e-14
9.3078918315e+04	3.8037642615e-14
9.3078949213e+04	3.7248323144e-14
9.3078980468e+04	3.6473038240e-14
9.3079012085e+04	3.5711870235e-14
9.3079044069e+04	5.5875945421e-14
9.3079076423e+04	5.4963894986e-14
9.3079109151e+04	5.4052615698e-14
9.3079142258e+04	5.3143326543e-14
9.3079175749e+04	5.2237151198e-14
9.3079209628e+04	5.1335122992e-14
9.3079243899e+04	5.0438190212e-14
9.3079278566e+04	4.9547221553e-14
9.3079313636e+04	4.8663011554e-14
9.3079349111e+04	4.7786285898e-14
9.3079384997e+04	4.6917706510e-14
9.3079421298e+04	4.6057876373e-14
9.3079458020e+04	4.5207344033e-14
9.3079495167e+04	4.4366607778e-14
9.3079532745e+04	4.3536119471e-14
9.3079570757e+04	4.2716288044e-14
9.3079609210e+04	4.1907482667e-14
9.3079648107e+04	4.1110035598e-14
9.3079687456e+04	4.0324244747e-14
9.3079727259e+04	5.5954906952e-14
9.3079767524e+04	5.5203885067e-14
9.3079808255e+04	5.4443078226e-14
9.3079849458e+04	5.3674147668e-14
9.3079891138e+04	5.2898705149e-14
9.3079933300e+04	5.2118300583e-14
9.3079975951e+04	5.1334412975e-14
9.3080019095e+04	5.0548444177e-14
9.3080062739e+04	4.9761715017e-14
9.3080106889e+04	4.8975463378e-14
9.3080151549e+04	4.8190843837e-14
9.3080196727e+04	4.7408928520e-14
9.3080242428e+04	4.6630708868e-14
9.3080288658e+04	4.5857098081e-14
9.3080335424e+04	4.5088934011e-14
9.3080382731e+04	4.4326982344e-14
9.3080430585e+04	4.3571939941e-14
9.3080478994e+04	4.2824438229e-14
9.3080527964e+04	4.2085046562e-14
9.3080577500e+04	4.1354275510e-14
9.3080627610e+04	4.0632580026e-14
9.3080678301e+04	3.9920362474e-14
9.3080729578e+04	3.9217975520e-14
9.3080781449e+04	3.8525724857e-14
9.3080833921e+04	3.7843871806e-14
9.3080887000e+04	3.7172635782e-14
9.3080940694e+04	3.6512196644e-14
9.3080995010e+04	3.5862696960e-14
9.3081049954e+04	3.5224244193e-14
9.3081105535e+04	3.4596912837e-14
9.3081161760e+04	3.3980746525e-14
9.3081218635e+04	3.3375760117e-14
9.3081276169e+04	3.2781941808e-14
9.3081334369e+04	4.4495688646e-14
9.3081393244e+04	4.3819418241e-14
9.3081452800e+04	4.3147178933e-14
9.3081513045e+04	4.2479699603e-14
9.3081573988e+04	4.1817637295e-14
9.3081635637e+04	4.1161579333e-14
9.3081698000e+04	4.0512045694e-14
9.3081761085e+04	3.9869491578e-14
9.3081824900e+04	3.9234310111e-14
9.3081889454e+04	3.8606835147e-14
9.3081954756e+04	3.7987344138e-14
9.3082020814e+04	3.7376061067e-14
9.3082087637e+04	3.6773159445e-14
9.3082155234e+04	3.6178765366e-14
9.3082223613e+04	3.5592960643e-14
9.3082292784e+04	4.5113527473e-14
9.3082362756e+04	4.4510901784e-14
9.3082433539e+04	4.3908339530e-14
9.3082505141e+04	4.3306732481e-14
9.3082577572e+04	4.2706899450e-14
9.3082650842e+04	4.2109584973e-14
9.3082724960e+04	4.1515458925e-14
9.3082799937e+04	4.0925116940e-14
9.3082875781e+04	4.0339081477e-14
9.3082952504e+04	3.9757803432e-14
9.3083030116e+04	3.9181664194e-14
9.3083108626e+04	3.8610978083e-14
9.3083188045e+04	3.8045995124e-14
9.3083268384e+04	4.5651486166e-14
9.3083349653e+04	4.5117960028e-14
9.3083431863e+04	4.4580716246e-14
9.3083515025e+04	4.4040767427e-14
9.3083599150e+04	4.3499069596e-14
9.3083684249e+04	4.2956514919e-14
9.3083770333e+04	4.2413926148e-14
9.3083857415e+04	4.1872052631e-14
9.3083945504e+04	4.1331567704e-14
9.3084034614e+04	4.0793067321e-14
9.3084124756e+04	4.0257069740e-14
9.3084215941e+04	3.9724016146e-14
9.3084308182e+04	4.5740181727e-14
9.3084401492e+04	4.5266837950e-14
9.3084495882e+04	4.4786970969e-14
9.3084591364e+04	4.4301627049e-14
9.3084687953e+04	4.3811826554e-14
9.3084785660e+04	4.3318550432e-14
9.3084884498e+04	4.2822728638e-14
9.3084984481e+04	4.2325230466e-14
9.3085085621e+04	4.1826856752e-14
9.3085187933e+04	4.1328333865e-14
9.3085291429e+04	4.0830309430e-14
9.3085396124e+04	4.0333349656e-14
9.3085502031e+04	3.9837938158e-14
9.3085609165e+04	3.9344476112e-14
9.3085717539e+04	3.8853283572e-14
9.3085827168e+04	3.8364601753e-14
9.3085938066e+04	3.7878596117e-14
9.3086050249e+04	3.7395360107e-14
9.3086163730e+04	3.6914919442e-14
9.3086278526e+04	3.6437236963e-14
9.3086394651e+04	3.5962218113e-14
9.3086512120e+04	3.5489717182e-14
9.3086630950e+04	3.5019544531e-14
9.3086751156e+04	4.0168488693e-14
9.3086872753e+04	3.9706352777e-14
9.3086995759e+04	3.9245577013e-14
9.3087120189e+04	3.8786515912e-14
9.3087246060e+04	3.8329434718e-14
9.3087373388e+04	3.7874512240e-14
9.3087502191e+04	3.7421844797e-14
9.3087632485e+04	3.6971451015e-14
9.3087764288e+04	3.6523277264e-14
9.3087897617e+04	3.6077203655e-14
9.3088032490e+04	4.0351764932e-14
9.3088168925e+04	3.9921040138e-14
9.3088306940e+04	3.9491093222e-14
9.3088446553e+04	3.9062420623e-14
9.3088587782e+04	3.8635417484e-14
9.3088730647e+04	3.8210376639e-14
9.3088875166e+04	3.7787489938e-14
9.3089021358e+04	3.7366851656e-14
9.3089169244e+04	3.6948463597e-14
9.3089318842e+04	3.6532241426e-14
9.3089470172e+04	4.0118690923e-14
9.3089623254e+04	3.9720581994e-14
9.3089778109e+04	3.9323146397e-14
9.3089934757e+04	3.8926931637e-14
9.3090093219e+04	3.8532378048e-14
9.3090253516e+04	3.8139814055e-14
9.3090415669e+04	3.7749454126e-14
9.3090579700e+04	3.7361399626e-14
9.3090745630e+04	3.6975642482e-14
9.3090913482e+04	4.0012443597e-14
9.3091083277e+04	3.9646370924e-14
9.3091255038e+04	3.9280473870e-14
9.3091428788e+04	3.8915360258e-14
9.3091604550e+04	3.8551532641e-14
9.3091782347e+04	3.8189380673e-14
9.3091962204e+04	3.7829175304e-14
9.3092144142e+04	3.7471065436e-14
9.3092328188e+04	3.7115077625e-14
9.3092514364e+04	3.6761119099e-14
9.3092702697e+04	3.6408984005e-14
9.3092893210e+04	3.6058362422e-14
9.3093085929e+04	3.5708851483e-14
9.3093280880e+04	3.5359968048e-14
9.3093478089e+04	3.5011162663e-14
9.3093677580e+04	3.4661835028e-14
9.3093879382e+04	3.4311351590e-14
9.3094083521e+04	3.7044404847e-14
9.3094290023e+04	3.6715554186e-14
9.3094498917e+04	3.6387976189e-14
9.3094710229e+04	3.6061322349e-14
9.3094923989e+04	3.5735142842e-14
9.3095140223e+04	3.5408900603e-14
9.3095358962e+04	3.5081987379e-14
9.3095580233e+04	3.4753741590e-14
9.3095804067e+04	3.7114641837e-14
9.3096030492e+04	3.6803234743e-14
9.3096259540e+04	3.6492632262e-14
9.3096491239e+04	3.6182551532e-14
9.3096725622e+04	3.5872597484e-14
9.3096962718e+04	3.5562275787e-14
9.3097202560e+04	3.5251008909e-14
9.3097445179e+04	3.7297776747e-14
9.3097690608e+04	3.6997891585e-14
9.3097938879e+04	3.6698584639e-14
9.3098190024e+04	3.6399764780e-14
9.3098444077e+04	3.6101216021e-14
9.3098701073e+04	3.5802605082e-14
9.3098961044e+04	3.5503493062e-14
9.3099224025e+04	3.5203350969e-14
9.3099490052e+04	3.7006153924e-14
9.3099759159e+04	3.6716006777e-14
9.3100031382e+04	3.6426539210e-14
9.3100306758e+04	3.6137699596e-14
9.3100585322e+04	3.5849304606e-14
9.3100867112e+04	3.5561046445e-14
9.3101152164e+04	3.5272504497e-14
9.3101440518e+04	3.4983161340e-14
9.3101732210e+04	3.4692422795e-14
9.3102027280e+04	3.4399641655e-14
9.3102325767e+04	3.4104145020e-14
9.3102627710e+04	3.3805265501e-14
9.3102933150e+04	3.3502376440e-14
9.3103242126e+04	3.5203921073e-14
9.3103554680e+04	3.4928783036e-14
9.3103870854e+04	3.4653041066e-14
9.3104190688e+04	3.4376021703e-14
9.3104514226e+04	3.4097004225e-14
9.3104841510e+04	3.3815253489e-14
9.3105172584e+04	3.3530057184e-14
9.3105507492e+04	3.5053874797e-14
9.3105846278e+04	3.4794817949e-14
9.3106188987e+04	3.4535461641e-14
9.3106535664e+04	3.4275040166e-14
9.3106886355e+04	3.4012731539e-14
9.3107241107e+04	3.3747694067e-14
9.3107599968e+04	3.5104971763e-14
9.3107962983e+04	3.4861126393e-14
9.3108330202e+04	3.4617313690e-14
9.3108701673e+04	3.4372725239e-14
9.3109077446e+04	3.4126470754e-14
9.3109457570e+04	3.3877614880e-14
9.3109842095e+04	3.5098580981e-14
9.3110231074e+04	3.4866489311e-14
9.3110624556e+04	3.4634178787e-14
9.3111022594e+04	3.4400828470e-14
9.3111425242e+04	3.4165528491e-14
9.3111832552e+04	3.3927317245e-14
9.3112244579e+04	3.3685225346e-14
9.3112661376e+04	3.3438325873e-14
9.3113083000e+04	3.3185789398e-14
9.3113509506e+04	3.2926940859e-14
9.3113940951e+04	3.2661313671e-14
9.3114377392e+04	3.3892638822e-14
9.3114818886e+04	3.3655881417e-14
9.3115265493e+04	3.3414138859e-14
9.3115717271e+04	3.3166646394e-14
9.3116174280e+04	3.2912799082e-14
9.3116636582e+04	3.2652207613e-14
9.3117104236e+04	3.3775255405e-14
9.3117577306e+04	3.3542179511e-14
9.3118055854e+04	3.3304383608e-14
9.3118539943e+04	3.3061189888e-14
9.3119029637e+04	3.2812083840e-14
9.3119525002e+04	3.3818362081e-14
9.3120026103e+04	3.3594290147e-14
9.3120533006e+04	3.3366715199e-14
9.3121045779e+04	3.3134882002e-14
9.3121564490e+04	3.2898143202e-14
9.3122089207e+04	3.3810981896e-14
9.3122620000e+04	3.3597355504e-14
9.3123156939e+04	3.3381200733e-14
9.3123700096e+04	3.3161634443e-14
9.3124249542e+04	3.2937835940e-14
9.3124805351e+04	3.2709115556e-14
9.3125367595e+04	3.2474982105e-14
9.3125936350e+04	3.2235199783e-14
9.3126511691e+04	3.1989824548e-14
9.3127093694e+04	3.1739212273e-14
9.3127682436e+04	3.2729285051e-14
9.3128277996e+04	3.2505845677e-14
9.3128880452e+04	3.2276177246e-14
9.3129489883e+04	3.2040181964e-14
9.3130106372e+04	3.1798098677e-14
9.3130730000e+04	3.2713388836e-14
9.3131360848e+04	3.2495668975e-14
9.3131999002e+04	3.2270996697e-14
9.3132644545e+04	3.2039302291e-14
9.3133297563e+04	3.2859896744e-14
9.3133958143e+04	3.2650588567e-14
9.3134626371e+04	3.2434353699e-14
9.3135302338e+04	3.2210925420e-14
9.3135986132e+04	3.1980418566e-14
9.3136677844e+04	3.2746633280e-14
9.3137377565e+04	3.2537661278e-14
9.3138085389e+04	3.2322085047e-14
9.3138801409e+04	3.2099852167e-14
9.3139525720e+04	3.1871292582e-14
9.3140258418e+04	3.1637118073e-14
9.3140999601e+04	3.1398375977e-14
9.3141749366e+04	3.1156360412e-14
9.3142507813e+04	3.1957772520e-14
9.3143275042e+04	3.1734311505e-14
9.3144051156e+04	3.1506277135e-14
9.3144836256e+04	3.1274718309e-14
9.3145630447e+04	3.2018731011e-14
9.3146433835e+04	3.1806519387e-14
9.3147246526e+04	3.1589297547e-14
9.3148068627e+04	3.1367812697e-14
9.3148900247e+04	3.2061132526e-14
9.3149741497e+04	3.1857989662e-14
9.3150592489e+04	3.1648922376e-14
9.3151453334e+04	3.1434480273e-14
9.3152324148e+04	3.2081059928e-14
9.3153205045e+04	3.1882976637e-14
9.3154096142e+04	3.1678052454e-14
9.3154997558e+04	3.1466842457e-14
9.3155909412e+04	3.1250307493e-14
9.3156831824e+04	3.1029705858e-14
9.3157764918e+04	3.0806447335e-14
9.3158708816e+04	3.0581931893e-14
9.3159663644e+04	3.1245147644e-14
9.3160629529e+04	3.1026252072e-14
9.3161606598e+04	3.0805187867e-14
9.3162594981e+04	3.0583527863e-14
9.3163594808e+04	3.1209470979e-14
9.3164606213e+04	3.0994872392e-14
9.3165629330e+04	3.0778970675e-14
9.3166664294e+04	3.1364403513e-14
9.3167711242e+04	3.1158634237e-14
9.3168770314e+04	3.0950503640e-14
9.3169841648e+04	3.0741410215e-14
9.3170925388e+04	3.1300879798e-14
9.3172021678e+04	3.1100733288e-14
9.3173130662e+04	3.0897957060e-14
9.3174252487e+04	3.0693777354e-14
9.3175387302e+04	3.0489285139e-14
9.3176535258e+04	3.0285284546e-14
9.3177696507e+04	3.0082186561e-14
9.3178871202e+04	3.0625450441e-14
9.3180059499e+04	3.0421762775e-14
9.3181261557e+04	3.0218331493e-14
9.3182477533e+04	3.0731493665e-14
9.3183707590e+04	3.0528252213e-14
9.3184951890e+04	3.0325142184e-14
9.3186210599e+04	3.0810672379e-14
9.3187483882e+04	3.0609785809e-14
9.3188771910e+04	3.0409216438e-14
9.3190074852e+04	3.0210203552e-14
9.3191392882e+04	3.0674476129e-14
9.3192726174e+04	3.0478577990e-14
9.3194074904e+04	3.0284161690e-14
9.3195439252e+04	3.0091913703e-14
9.3196819399e+04	2.9901885979e-14
9.3198215527e+04	2.9713492951e-14
9.3199627821e+04	3.0158129474e-14
9.3201056469e+04	2.9970540537e-14
9.3202501660e+04	2.9783880841e-14
9.3203963585e+04	3.0206700683e-14
9.3205442439e+04	3.0019095433e-14
9.3206938417e+04	2.9831999666e-14
9.3208451717e+04	3.0232872419e-14
9.3209982541e+04	3.0044571902e-14
9.3211531091e+04	2.9857193430e-14
9.3213097572e+04	3.0238370275e-14
9.3214682192e+04	3.0051217254e-14
9.3216285161e+04	2.9865917110e-14
9.3217906692e+04	2.9682319514e-14
9.3219546999e+04	2.9499643908e-14
9.3221206300e+04	2.9866626912e-14
9.3222884815e+04	2.9687520803e-14
9.3224582766e+04	2.9509249029e-14
9.3226300379e+04	2.9861907709e-14
9.3228037880e+04	2.9685859617e-14
9.3229795501e+04	2.9509716598e-14
9.3231573474e+04	2.9846442015e-14
9.3233372035e+04	2.9670692390e-14
9.3235191423e+04	2.9494178785e-14
9.3237031878e+04	2.9814224555e-14
9.3238893644e+04	2.9638010106e-14
9.3240776969e+04	2.9461409654e-14
9.3242682101e+04	2.9283341307e-14
9.3244609294e+04	2.9102632408e-14
9.3246558803e+04	2.9418888249e-14
9.3248530886e+04	2.9244159970e-14
9.3250525804e+04	2.9067140372e-14
9.3252543823e+04	2.9374611269e-14
9.3254585209e+04	2.9203588558e-14
9.3256650234e+04	2.9494622671e-14
9.3258739170e+04	2.9327262886e-14
9.3260852295e+04	2.9156967478e-14
9.3262989889e+04	2.9436921318e-14
9.3265152235e+04	2.9268652462e-14
9.3267339620e+04	2.9096568363e-14
9.3269552333e+04	2.8919510358e-14
9.3271790669e+04	2.8737093478e-14
9.3274054923e+04	2.9023802726e-14
9.3276345396e+04	2.8847122400e-14
9.3278662391e+04	2.9118463330e-14
9.3281006216e+04	2.8948340545e-14
9.3283377182e+04	2.9206421663e-14
9.3285775601e+04	2.9042149104e-14
9.3288201794e+04	2.8873589275e-14
9.3290656080e+04	2.9127107549e-14
9.3293138785e+04	2.8962028711e-14
9.3295650239e+04	2.8791058405e-14
9.3298190774e+04	2.8614013616e-14
9.3300760727e+04	2.8868940768e-14
9.3303360439e+04	2.8694559888e-14
9.3305990253e+04	2.8515391679e-14
9.3308650520e+04	2.8765742585e-14
9.3311341591e+04	2.8591303020e-14
9.3314063824e+04	2.8831243514e-14
9.3316817578e+04	2.8662055598e-14
9.3319603219e+04	2.8891807366e-14
9.3322421117e+04	2.8726464034e-14
9.3325271644e+04	2.8555593771e-14
9.3328155179e+04	2.8380091368e-14
9.3331072103e+04	2.8611015591e-14
9.3334022804e+04	2.8435604985e-14
9.3337007672e+04	2.8257079867e-14
9.3340027104e+04	2.8480960340e-14
9.3343081499e+04	2.8304347413e-14
9.3346171262e+04	2.8520549207e-14
9.3349296803e+04	2.8347479824e-14
9.3352458536e+04	2.8556966515e-14
9.3355656880e+04	2.8386923108e-14
9.3358892259e+04	2.8214866565e-14
9.3362165102e+04	2.8042240494e-14
9.3365475843e+04	2.8246971699e-14
9.3368824921e+04	2.8073334931e-14
9.3372212779e+04	2.8269215114e-14
9.3375639866e+04	2.8095812763e-14
9.3379106637e+04	2.8285183364e-14
9.3382613552e+04	2.8114320511e-14
9.3386161075e+04	2.8299172420e-14
9.3389749676e+04	2.8131431142e-14
9.3393379831e+04	2.7964901957e-14
9.3397052021e+04	2.7799626829e-14
9.3400766734e+04	2.7978257591e-14
9.3404524460e+04	2.8150444093e-14
9.3408325699e+04	2.7983324816e-14
9.3412170955e+04	2.8148813571e-14
9.3416060736e+04	2.7983003865e-14
9.3419995559e+04	2.8144365447e-14
9.3423975945e+04	2.7981753645e-14
9.3428002422e+04	2.7821448643e-14
9.3432075523e+04	2.7662222051e-14
9.3436195788e+04	2.7820159995e-14
9.3440363764e+04	2.7660624930e-14
9.3444580002e+04	2.7811665951e-14
9.3448845063e+04	2.7956697006e-14
9.3453159510e+04	2.7796936542e-14
9.3457523917e+04	2.7937735459e-14
9.3461938861e+04	2.7780495217e-14
9.3466404927e+04	2.7624100115e-14
9.3470922708e+04	2.7466030672e-14
9.3475492803e+04	2.7607258320e-14
9.3480115817e+04	2.7740786130e-14
9.3484792362e+04	2.7583557741e-14
9.3489523060e+04	2.7711602314e-14
9.3494308537e+04	2.7554354699e-14
9.3499149426e+04	2.7679557608e-14
9.3504046371e+04	2.7524233223e-14
9.3509000019e+04	2.7365981515e-14
9.3514011028e+04	2.7492958668e-14
9.3519080062e+04	2.7333727822e-14
9.3524207793e+04	2.7456210777e-14
9.3529394899e+04	2.7571352394e-14
9.3534642070e+04	2.7414171863e-14
9.3539950000e+04	2.7527468797e-14
9.3545319393e+04	2.7371468870e-14
9.3550750961e+04	2.7211555265e-14
9.3556245423e+04	2.7328041504e-14
9.3561803508e+04	2.7437750137e-14
9.3567425952e+04	2.7279268672e-14
9.3573113502e+04	2.7385423702e-14
9.3578866910e+04	2.7486008842e-14
9.3584686940e+04	2.7330716403e-14
9.3590574362e+04	2.7171742639e-14
9.3596529957e+04	2.7275836111e-14
9.3602554515e+04	2.7116047652e-14
9.3608648834e+04	2.7216393953e-14
9.3614813722e+04	2.7311301965e-14
9.3621049996e+04	2.7151361839e-14
9.3627358483e+04	2.7244828921e-14
9.3633740018e+04	2.7085868565e-14
9.3640195448e+04	2.6926868042e-14
9.3646725629e+04	2.7019779563e-14
9.3653331425e+04	2.7108779640e-14
9.3660013713e+04	2.6948988615e-14
9.3666773379e+04	2.7034391378e-14
9.3673611317e+04	2.7117685724e-14
9.3680528435e+04	2.6960734626e-14
9.3687525650e+04	2.6806126866e-14
9.3694603888e+04	2.6887125924e-14
9.3701764089e+04	2.6964913765e-14
9.3709007200e+04	2.6809782985e-14
9.3716334183e+04	2.6884384178e-14
9.3723746009e+04	2.6957675867e-14
9.3731243659e+04	2.6805863016e-14
9.3738828129e+04	2.6656108130e-14
9.3746500422e+04	2.6726175863e-14
9.3754261556e+04	2.6793000944e-14
9.3762112560e+04	2.6857657338e-14
9.3770054474e+04	2.6921068774e-14
9.3778088351e+04	2.6772298677e-14
9.3786215256e+04	2.6625034570e-14
9.3794436266e+04	2.6686222802e-14
9.3802752471e+04	2.6744250556e-14
9.3811164973e+04	2.6596611830e-14
9.3819674888e+04	2.6654083676e-14
9.3828283342e+04	2.6709723065e-14
9.3836991478e+04	2.6563897462e-14
9.3845800449e+04	2.6617517158e-14
9.3854711423e+04	2.6668111711e-14
9.3863725582e+04	2.6521267017e-14
9.3872844119e+04	2.6572460808e-14
9.3882068244e+04	2.6621453683e-14
9.3891399180e+04	2.6474301256e-14
9.3900838162e+04	2.6521596067e-14
9.3910386443e+04	2.6566317116e-14
9.3920045288e+04	2.6417317767e-14
9.3929815977e+04	2.6463407175e-14
9.3939699805e+04	2.6506814336e-14
9.3949698083e+04	2.6355036331e-14
9.3959812135e+04	2.6397169954e-14
9.3970043302e+04	2.6437715740e-14
9.3980392941e+04	2.6476877259e-14
9.3990862423e+04	2.6325657888e-14
9.4001453135e+04	2.6363678563e-14
9.4012166483e+04	2.6207876322e-14
9.4023003885e+04	2.6245290269e-14
9.4033966778e+04	2.6281728376e-14
9.4045056616e+04	2.6316258001e-14
9.4056274868e+04	2.6348148909e-14
9.4067623021e+04	2.6193812826e-14
9.4079102579e+04	2.6225147590e-14
9.4090715065e+04	2.6255580369e-14
9.4102462017e+04	2.6284109969e-14
9.4114344992e+04	2.6310266419e-14
9.4126365565e+04	2.6157677416e-14
9.4138525331e+04	2.6007695054e-14
9.4150825899e+04	2.6033935390e-14
9.4163268902e+04	2.6058222270e-14
9.4175855987e+04	2.6080680480e-14
9.4188588825e+04	2.6102283281e-14
9.4201469101e+04	2.5955426506e-14
9.4214498524e+04	2.5976293157e-14
9.4227678821e+04	2.5995202422e-14
9.4241011738e+04	2.6012898421e-14
9.4254499044e+04	2.6029921072e-14
9.4268142524e+04	2.5884228903e-14
9.4281943989e+04	2.5899744199e-14
9.4295905268e+04	2.5914225532e-14
9.4310028210e+04	2.5928392007e-14
9.4324314689e+04	2.5941533326e-14
9.4338766597e+04	2.5952699800e-14
9.4353385850e+04	2.5962394964e-14
9.4368174386e+04	2.5971603576e-14
9.4383134165e+04	2.5980023958e-14
9.4398267171e+04	2.5834432512e-14
9.4413575408e+04	2.5841564789e-14
9.4429060906e+04	2.5848365583e-14
9.4444725718e+04	2.5854224397e-14
9.4460571920e+04	2.5858351654e-14
9.4476601613e+04	2.5709836323e-14
9.4492816920e+04	2.5713663998e-14
9.4509219992e+04	2.5716451385e-14
9.4525813003e+04	2.5717755249e-14
9.4542598151e+04	2.5718428602e-14
9.4559577662e+04	2.5718757036e-14
9.4576753787e+04	2.5717809299e-14
9.4594128802e+04	2.5715535528e-14
9.4611705010e+04	2.5712857013e-14
9.4629484741e+04	2.5567108777e-14
9.4647470352e+04	2.5563677565e-14
9.4665664226e+04	2.5699330249e-14
9.4684068776e+04	2.5693623177e-14
9.4702686440e+04	2.5549603555e-14
9.4721519686e+04	2.5543030212e-14
9.4740571011e+04	2.5536133280e-14
9.4759842940e+04	2.5662299132e-14
9.4779338027e+04	2.5519828683e-14
9.4799058857e+04	2.5510445000e-14
9.4819008044e+04	2.5500765177e-14
9.4839188231e+04	2.5489922981e-14
9.4859602093e+04	2.5478183067e-14
9.4880252337e+04	2.5466245572e-14
9.4901141700e+04	2.5453358493e-14
9.4922272950e+04	2.5439297652e-14
9.4943648888e+04	2.5424901029e-14
9.4965272348e+04	2.5409711482e-14
9.4987146196e+04	2.5393243256e-14
9.5009273331e+04	2.5502520516e-14
9.5031656686e+04	2.5358990850e-14
9.5054299229e+04	2.5340342706e-14
9.5077203959e+04	2.5447163388e-14
9.5100373914e+04	2.5427456148e-14
9.5123812164e+04	2.5281147184e-14
9.5147521817e+04	2.5260130173e-14
9.5171506014e+04	2.5362972535e-14
9.5195767935e+04	2.5340015494e-14
9.5220310796e+04	2.5316679658e-14
9.5245137850e+04	2.5293076432e-14
9.5270252388e+04	2.5268536726e-14
9.5295657738e+04	2.5243793077e-14
9.5321357268e+04	2.5218862570e-14
9.5347354385e+04	2.5193154531e-14
9.5373652535e+04	2.5283007658e-14
9.5400255202e+04	2.5141048071e-14
9.5427165914e+04	2.5228023364e-14
9.5454388238e+04	2.5200082208e-14
9.5481925781e+04	2.5171513230e-14
9.5509782193e+04	2.5142202507e-14
9.5537961168e+04	2.5112607263e-14
9.5566466440e+04	2.5193234261e-14
9.5595301787e+04	2.5050183922e-14
9.5624471032e+04	2.5130307021e-14
9.5653978041e+04	2.5097327102e-14
9.5683826725e+04	2.5063778761e-14
9.5714021040e+04	2.5029443404e-14
9.5744564989e+04	2.5104746238e-14
9.5775462621e+04	2.5069207374e-14
9.5806718030e+04	2.5032592920e-14
9.5838335360e+04	2.4995546520e-14
9.5870318801e+04	2.5066536069e-14
9.5902672593e+04	2.5028010435e-14
9.5935401024e+04	2.4989474177e-14
9.5968508432e+04	2.5056113544e-14
9.6001999206e+04	2.4912094046e-14
9.6035877785e+04	2.4976147199e-14
9.6070148660e+04	2.5038551733e-14
9.6104816373e+04	2.4896570758e-14
9.6139885518e+04	2.4956220482e-14
9.6175360746e+04	2.4915288662e-14
9.6211246757e+04	2.4874467773e-14
9.6247548308e+04	2.4930329472e-14
9.6284270212e+04	2.4888437893e-14
9.6321417335e+04	2.4845721800e-14
9.6358994602e+04	2.4898690614e-14
9.6397006993e+04	2.4854997132e-14
9.6435459547e+04	2.4810221373e-14
9.6474357360e+04	2.4860709790e-14
9.6513705589e+04	2.4814636432e-14
9.6553509449e+04	2.4767875927e-14
9.6593774215e+04	2.4815682693e-14
9.6634505226e+04	2.4861704857e-14
9.6675707880e+04	2.4719127370e-14
9.6717387638e+04	2.4764300644e-14
9.6759550024e+04	2.4807845326e-14
9.6802200629e+04	2.4757799341e-14
9.6845345103e+04	2.4799176373e-14
9.6888989168e+04	2.4748352569e-14
9.6933138607e+04	2.4697712207e-14
9.6977799272e+04	2.4736114418e-14
9.7022977083e+04	2.4684732630e-14
9.7068678029e+04	2.4721134728e-14
9.7114908167e+04	2.4756227999e-14
9.7161673624e+04	2.4703426407e-14
9.7208980600e+04	2.4649862874e-14
9.7256835365e+04	2.4682797545e-14
9.7305244262e+04	2.4627709261e-14
9.7354213708e+04	2.4659067896e-14
9.7403750193e+04	2.4602347151e-14
9.7453860283e+04	2.4632100162e-14
9.7504550621e+04	2.4660465421e-14
9.7555827926e+04	2.4602061402e-14
9.7607698994e+04	2.4628789391e-14
9.7660170700e+04	2.4569485094e-14
9.7713250000e+04	2.4594468730e-14
9.7766943929e+04	2.4618255820e-14
9.7821259605e+04	2.4558203023e-14
9.7876204227e+04	2.4580233465e-14
9.7931785077e+04	2.4520345959e-14
9.7988009524e+04	2.4540702888e-14
9.8044885018e+04	2.4560091596e-14
9.8102419100e+04	2.4499366288e-14
9.8160619396e+04	2.4517239625e-14
9.8219493618e+04	2.4455448683e-14
9.8279049573e+04	2.4471824032e-14
9.8339295152e+04	2.4486969958e-14
9.8400238343e+04	2.4501351306e-14
9.8461887222e+04	2.4514562622e-14
9.8524249962e+04	2.4449909051e-14
9.8587334829e+04	2.4461702808e-14
9.8651150183e+04	2.4396406170e-14
9.8715704485e+04	2.4482553316e-14
9.8781006290e+04	2.4416416478e-14
9.8847064255e+04	2.4425149832e-14
9.8913887134e+04	2.4432826803e-14
9.8981483787e+04	2.4439769109e-14
9.9049863171e+04	2.4445754272e-14
9.9119034352e+04	2.4379546975e-14
9.9189006497e+04	2.4384521074e-14
9.9259788881e+04	2.4388519777e-14
9.9331390887e+04	2.4391856572e-14
9.9403822004e+04	2.4323024048e-14
9.9477091835e+04	2.4395832755e-14
9.9551210090e+04	2.4325918012e-14
