E, cm-1	Sigma_00, cm2	Sigma_01, cm2	Sigma_10, cm2	Sigma_11, cm2	
9.3620763700e+04	1.6526218645e-14	0.0000000000e+00	0.0000000000e+00	0.0000000000e+00
9.3620769069e+04	1.6062072158e-14	0.0000000000e+00	0.0000000000e+00	0.0000000000e+00
9.3620774501e+04	7.2249127167e-14	0.0000000000e+00	0.0000000000e+00	0.0000000000e+00
9.3620779995e+04	7.0941400441e-14	0.0000000000e+00	0.0000000000e+00	0.0000000000e+00
9.3620785554e+04	6.9648680016e-14	0.0000000000e+00	0.0000000000e+00	0.0000000000e+00
9.3620791176e+04	6.8370867017e-14	0.0000000000e+00	0.0000000000e+00	0.0000000000e+00
9.3620796864e+04	6.7107866675e-14	0.0000000000e+00	0.0000000000e+00	0.0000000000e+00
9.3620802617e+04	6.5859588499e-14	0.0000000000e+00	0.0000000000e+00	0.0000000000e+00
9.3620808437e+04	6.4625946394e-14	0.0000000000e+00	0.0000000000e+00	0.0000000000e+00
9.3620814324e+04	6.3406858773e-14	0.0000000000e+00	0.0000000000e+00	0.0000000000e+00
9.3620820280e+04	6.2202248635e-14	0.0000000000e+00	0.0000000000e+00	0.0000000000e+00
9.3620826305e+04	6.1012043616e-14	0.0000000000e+00	0.0000000000e+00	0.0000000000e+00
9.3620832399e+04	5.9836176033e-14	0.0000000000e+00	0.0000000000e+00	0.0000000000e+00
9.3620838564e+04	5.8674582897e-14	0.0000000000e+00	0.0000000000e+00	0.0000000000e+00
9.3620844800e+04	5.7527205913e-14	0.0000000000e+00	0.0000000000e+00	0.0000000000e+00
9.3620851108e+04	5.6393991458e-14	0.0000000000e+00	0.0000000000e+00	0.0000000000e+00
9.3620857490e+04	5.5274890555e-14	0.0000000000e+00	0.0000000000e+00	0.0000000000e+00
9.3620863945e+04	5.4169858819e-14	0.0000000000e+00	0.0000000000e+00	0.0000000000e+00
9.3620870476e+04	5.3078856403e-14	0.0000000000e+00	0.0000000000e+00	0.0000000000e+00
9.3620877081e+04	5.2001847914e-14	0.0000000000e+00	0.0000000000e+00	0.0000000000e+00
9.3620883764e+04	5.0938802339e-14	0.0000000000e+00	0.0000000000e+00	0.0000000000e+00
9.3620890523e+04	4.9889692941e-14	0.0000000000e+00	0.0000000000e+00	0.0000000000e+00
9.3620897361e+04	4.8854497152e-14	0.0000000000e+00	0.0000000000e+00	0.0000000000e+00
9.3620904278e+04	4.7833196461e-14	0.0000000000e+00	0.0000000000e+00	0.0000000000e+00
9.3620911276e+04	4.6825776282e-14	0.0000000000e+00	0.0000000000e+00	0.0000000000e+00
9.3620918354e+04	4.5832225823e-14	0.0000000000e+00	0.0000000000e+00	0.0000000000e+00
9.3620925514e+04	4.4852537936e-14	0.0000000000e+00	0.0000000000e+00	0.0000000000e+00
9.3620932757e+04	4.3886708973e-14	0.0000000000e+00	0.0000000000e+00	0.0000000000e+00
9.3620940084e+04	4.2934738619e-14	0.0000000000e+00	0.0000000000e+00	0.0000000000e+00
9.3620947496e+04	4.1996629729e-14	0.0000000000e+00	0.0000000000e+00	0.0000000000e+00
9.3620954994e+04	4.1072388152e-14	0.0000000000e+00	0.0000000000e+00	0.0000000000e+00
9.3620962578e+04	4.0162022548e-14	0.0000000000e+00	0.0000000000e+00	0.0000000000e+00
9.3620970250e+04	3.9265544201e-14	0.0000000000e+00	0.0000000000e+00	0.0000000000e+00
9.3620978012e+04	3.8382966830e-14	0.0000000000e+00	0.0000000000e+00	0.0000000000e+00
9.3620985863e+04	3.7514306378e-14	0.0000000000e+00	0.0000000000e+00	0.0000000000e+00
9.3620993804e+04	3.6659580815e-14	0.0000000000e+00	0.0000000000e+00	0.0000000000e+00
9.3621001838e+04	3.5818809920e-14	0.0000000000e+00	0.0000000000e+00	0.0000000000e+00
9.3621009965e+04	3.4992015066e-14	0.0000000000e+00	0.0000000000e+00	0.0000000000e+00
9.3621018186e+04	3.4179218998e-14	0.0000000000e+00	0.0000000000e+00	0.0000000000e+00
9.3621026502e+04	3.3380445603e-14	0.0000000000e+00	0.0000000000e+00	0.0000000000e+00
9.3621034915e+04	3.2595719678e-14	0.0000000000e+00	0.0000000000e+00	0.0000000000e+00
9.3621043425e+04	3.1825066695e-14	0.0000000000e+00	0.0000000000e+00	0.0000000000e+00
9.3621052033e+04	3.1068512555e-14	0.0000000000e+00	0.0000000000e+00	0.0000000000e+00
9.3621060741e+04	3.0326083344e-14	0.0000000000e+00	0.0000000000e+00	0.0000000000e+00
9.3621069550e+04	2.9597805087e-14	0.0000000000e+00	0.0000000000e+00	0.0000000000e+00
9.3621078461e+04	7.5782738088e-14	0.0000000000e+00	0.0000000000e+00	0.0000000000e+00
9.3621087476e+04	7.4507281405e-14	0.0000000000e+00	0.0000000000e+00	0.0000000000e+00
9.3621096594e+04	7.3240719863e-14	0.0000000000e+00	0.0000000000e+00	0.0000000000e+00
9.3621105818e+04	7.1983556258e-14	0.0000000000e+00	0.0000000000e+00	0.0000000000e+00
9.3621115149e+04	7.0736241170e-14	0.0000000000e+00	0.0000000000e+00	0.0000000000e+00
9.3621124588e+04	6.9499177901e-14	0.0000000000e+00	0.0000000000e+00	0.0000000000e+00
9.3621134136e+04	6.8272727080e-14	0.0000000000e+00	0.0000000000e+00	0.0000000000e+00
9.3621143795e+04	6.7057210927e-14	0.0000000000e+00	0.0000000000e+00	0.0000000000e+00
9.3621153566e+04	6.5852917207e-14	0.0000000000e+00	0.0000000000e+00	0.0000000000e+00
9.3621163450e+04	6.4660102863e-14	0.0000000000e+00	0.0000000000e+00	0.0000000000e+00
9.3621173448e+04	6.3478997366e-14	0.0000000000e+00	0.0000000000e+00	0.0000000000e+00
9.3621183562e+04	6.2309805778e-14	0.0000000000e+00	0.0000000000e+00	0.0000000000e+00
9.3621193793e+04	6.1152711555e-14	0.0000000000e+00	0.0000000000e+00	0.0000000000e+00
9.3621204143e+04	6.0007879109e-14	0.0000000000e+00	0.0000000000e+00	0.0000000000e+00
9.3621214612e+04	5.8875456124e-14	0.0000000000e+00	0.0000000000e+00	0.0000000000e+00
9.3621225203e+04	5.7755575669e-14	0.0000000000e+00	0.0000000000e+00	0.0000000000e+00
9.3621235916e+04	5.6648358104e-14	0.0000000000e+00	0.0000000000e+00	0.0000000000e+00
9.3621246754e+04	5.5553912802e-14	0.0000000000e+00	0.0000000000e+00	0.0000000000e+00
9.3621257717e+04	5.4472339692e-14	0.0000000000e+00	0.0000000000e+00	0.0000000000e+00
9.3621268807e+04	5.3403730650e-14	0.0000000000e+00	0.0000000000e+00	0.0000000000e+00
9.3621280025e+04	5.2348170731e-14	0.0000000000e+00	0.0000000000e+00	0.0000000000e+00
9.3621291373e+04	5.1305739275e-14	0.0000000000e+00	0.0000000000e+00	0.0000000000e+00
9.3621302853e+04	5.0276510878e-14	0.0000000000e+00	0.0000000000e+00	0.0000000000e+00
9.3621314465e+04	4.9260556248e-14	0.0000000000e+00	0.0000000000e+00	0.0000000000e+00
9.3621326212e+04	4.8257942958e-14	0.0000000000e+00	0.0000000000e+00	0.0000000000e+00
9.3621338095e+04	4.7268736096e-14	0.0000000000e+00	0.0000000000e+00	0.0000000000e+00
9.3621350116e+04	4.6292998819e-14	0.0000000000e+00	0.0000000000e+00	0.0000000000e+00
9.3621362275e+04	4.5330792835e-14	0.0000000000e+00	0.0000000000e+00	0.0000000000e+00
9.3621374576e+04	4.4382178796e-14	0.0000000000e+00	0.0000000000e+00	0.0000000000e+00
9.3621387019e+04	4.3447216625e-14	0.0000000000e+00	0.0000000000e+00	0.0000000000e+00
9.3621399606e+04	4.2525965774e-14	0.0000000000e+00	0.0000000000e+00	0.0000000000e+00
9.3621412339e+04	4.1618485430e-14	0.0000000000e+00	0.0000000000e+00	0.0000000000e+00
9.3621425219e+04	4.0724834649e-14	0.0000000000e+00	0.0000000000e+00	0.0000000000e+00
9.3621438249e+04	3.9845072457e-14	0.0000000000e+00	0.0000000000e+00	0.0000000000e+00
9.3621451429e+04	3.8979257887e-14	0.0000000000e+00	0.0000000000e+00	0.0000000000e+00
9.3621464762e+04	3.8127449988e-14	0.0000000000e+00	0.0000000000e+00	0.0000000000e+00
9.3621478249e+04	3.7289707778e-14	0.0000000000e+00	0.0000000000e+00	0.0000000000e+00
9.3621491893e+04	3.6466090172e-14	0.0000000000e+00	0.0000000000e+00	0.0000000000e+00
9.3621505694e+04	3.5656655871e-14	0.0000000000e+00	0.0000000000e+00	0.0000000000e+00
9.3621519655e+04	3.4861463219e-14	0.0000000000e+00	0.0000000000e+00	0.0000000000e+00
9.3621533778e+04	3.4080570033e-14	0.0000000000e+00	0.0000000000e+00	0.0000000000e+00
9.3621548065e+04	3.3314033406e-14	0.0000000000e+00	0.0000000000e+00	0.0000000000e+00
9.3621562517e+04	3.2561909486e-14	0.0000000000e+00	0.0000000000e+00	0.0000000000e+00
9.3621577136e+04	3.1824253235e-14	0.0000000000e+00	0.0000000000e+00	0.0000000000e+00
9.3621591924e+04	3.1101118161e-14	0.0000000000e+00	0.0000000000e+00	0.0000000000e+00
9.3621606884e+04	3.0392556043e-14	0.0000000000e+00	0.0000000000e+00	0.0000000000e+00
9.3621622017e+04	2.9698616631e-14	0.0000000000e+00	0.0000000000e+00	0.0000000000e+00
9.3621637325e+04	2.9019347337e-14	0.0000000000e+00	0.0000000000e+00	0.0000000000e+00
9.3621652811e+04	2.8354792910e-14	0.0000000000e+00	0.0000000000e+00	0.0000000000e+00
9.3621668476e+04	2.7704995102e-14	0.0000000000e+00	0.0000000000e+00	0.0000000000e+00
9.3621684322e+04	2.7069992327e-14	0.0000000000e+00	0.0000000000e+00	0.0000000000e+00
9.3621700352e+04	2.6449819304e-14	0.0000000000e+00	0.0000000000e+00	0.0000000000e+00
9.3621716567e+04	2.5844506710e-14	0.0000000000e+00	0.0000000000e+00	0.0000000000e+00
9.3621732970e+04	2.5254080807e-14	0.0000000000e+00	0.0000000000e+00	0.0000000000e+00
9.3621749563e+04	2.4678563091e-14	0.0000000000e+00	0.0000000000e+00	0.0000000000e+00
9.3621766348e+04	2.4117969914e-14	0.0000000000e+00	0.0000000000e+00	0.0000000000e+00
9.3621783328e+04	2.3572312129e-14	0.0000000000e+00	0.0000000000e+00	0.0000000000e+00
9.3621800504e+04	2.3041594723e-14	0.0000000000e+00	0.0000000000e+00	0.0000000000e+00
9.3621817879e+04	2.2525816454e-14	0.0000000000e+00	0.0000000000e+00	0.0000000000e+00
9.3621835455e+04	2.2024969504e-14	0.0000000000e+00	0.0000000000e+00	0.0000000000e+00
9.3621853235e+04	2.1539039122e-14	0.0000000000e+00	0.0000000000e+00	0.0000000000e+00
9.3621871220e+04	2.1068003289e-14	0.0000000000e+00	0.0000000000e+00	0.0000000000e+00
9.3621889414e+04	2.0611832383e-14	0.0000000000e+00	0.0000000000e+00	0.0000000000e+00
9.3621907819e+04	2.0170488859e-14	0.0000000000e+00	0.0000000000e+00	0.0000000000e+00
9.3621926436e+04	4.4465562453e-14	0.0000000000e+00	0.0000000000e+00	0.0000000000e+00
9.3621945270e+04	4.3570083253e-14	0.0000000000e+00	0.0000000000e+00	0.0000000000e+00
9.3621964321e+04	4.2686634970e-14	0.0000000000e+00	0.0000000000e+00	0.0000000000e+00
9.3621983593e+04	4.1815429755e-14	0.0000000000e+00	0.0000000000e+00	0.0000000000e+00
9.3622003088e+04	4.0956666650e-14	0.0000000000e+00	0.0000000000e+00	0.0000000000e+00
9.3622022809e+04	4.0110532787e-14	0.0000000000e+00	0.0000000000e+00	0.0000000000e+00
9.3622042758e+04	3.9277204437e-14	0.0000000000e+00	0.0000000000e+00	0.0000000000e+00
9.3622062938e+04	3.8456847896e-14	0.0000000000e+00	0.0000000000e+00	0.0000000000e+00
9.3622083352e+04	3.7649620244e-14	0.0000000000e+00	0.0000000000e+00	0.0000000000e+00
9.3622104002e+04	3.6855669976e-14	0.0000000000e+00	0.0000000000e+00	0.0000000000e+00
9.3622124892e+04	3.6075137523e-14	0.0000000000e+00	0.0000000000e+00	0.0000000000e+00
9.3622146023e+04	3.5308155663e-14	0.0000000000e+00	0.0000000000e+00	0.0000000000e+00
9.3622167399e+04	3.4554849843e-14	0.0000000000e+00	0.0000000000e+00	0.0000000000e+00
9.3622189022e+04	3.3815338414e-14	0.0000000000e+00	0.0000000000e+00	0.0000000000e+00
9.3622210896e+04	3.3089732791e-14	0.0000000000e+00	0.0000000000e+00	0.0000000000e+00
9.3622233023e+04	3.2378137542e-14	0.0000000000e+00	0.0000000000e+00	0.0000000000e+00
9.3622255407e+04	3.1680650416e-14	0.0000000000e+00	0.0000000000e+00	0.0000000000e+00
9.3622278049e+04	3.0997362320e-14	0.0000000000e+00	0.0000000000e+00	0.0000000000e+00
9.3622300954e+04	3.0328357246e-14	0.0000000000e+00	0.0000000000e+00	0.0000000000e+00
9.3622324124e+04	2.9673712159e-14	0.0000000000e+00	0.0000000000e+00	0.0000000000e+00
9.3622347562e+04	2.9033496845e-14	0.0000000000e+00	0.0000000000e+00	0.0000000000e+00
9.3622371272e+04	2.8407773737e-14	0.0000000000e+00	0.0000000000e+00	0.0000000000e+00
9.3622395256e+04	2.7796597713e-14	0.0000000000e+00	0.0000000000e+00	0.0000000000e+00
9.3622419518e+04	2.7200015871e-14	0.0000000000e+00	0.0000000000e+00	0.0000000000e+00
9.3622444061e+04	2.6618067297e-14	0.0000000000e+00	0.0000000000e+00	0.0000000000e+00
9.3622468888e+04	4.8073453611e-14	0.0000000000e+00	0.0000000000e+00	0.0000000000e+00
9.3622494002e+04	4.7201077989e-14	0.0000000000e+00	0.0000000000e+00	0.0000000000e+00
9.3622519408e+04	4.6335087459e-14	0.0000000000e+00	0.0000000000e+00	0.0000000000e+00
9.3622545107e+04	4.5476149620e-14	0.0000000000e+00	0.0000000000e+00	0.0000000000e+00
9.3622571104e+04	4.4624881439e-14	0.0000000000e+00	0.0000000000e+00	0.0000000000e+00
9.3622597403e+04	4.3781853126e-14	0.0000000000e+00	0.0000000000e+00	0.0000000000e+00
9.3622624005e+04	4.2947591784e-14	0.0000000000e+00	0.0000000000e+00	0.0000000000e+00
9.3622650916e+04	4.2122584802e-14	0.0000000000e+00	0.0000000000e+00	0.0000000000e+00
9.3622678138e+04	4.1307282984e-14	0.0000000000e+00	0.0000000000e+00	0.0000000000e+00
9.3622705676e+04	4.0502103430e-14	0.0000000000e+00	0.0000000000e+00	0.0000000000e+00
9.3622733532e+04	3.9707432147e-14	0.0000000000e+00	0.0000000000e+00	0.0000000000e+00
9.3622761711e+04	3.8923626420e-14	0.0000000000e+00	0.0000000000e+00	0.0000000000e+00
9.3622790216e+04	3.8151016943e-14	0.0000000000e+00	0.0000000000e+00	0.0000000000e+00
9.3622819052e+04	3.7389909720e-14	0.0000000000e+00	0.0000000000e+00	0.0000000000e+00
9.3622848221e+04	3.6640587756e-14	0.0000000000e+00	0.0000000000e+00	0.0000000000e+00
9.3622877728e+04	3.5903312553e-14	0.0000000000e+00	0.0000000000e+00	0.0000000000e+00
9.3622907577e+04	3.5178325413e-14	0.0000000000e+00	0.0000000000e+00	0.0000000000e+00
9.3622937771e+04	3.4465848586e-14	0.0000000000e+00	0.0000000000e+00	0.0000000000e+00
9.3622968315e+04	3.3766086252e-14	0.0000000000e+00	0.0000000000e+00	0.0000000000e+00
9.3622999213e+04	3.3079225373e-14	0.0000000000e+00	0.0000000000e+00	0.0000000000e+00
9.3623030468e+04	3.2405436420e-14	0.0000000000e+00	0.0000000000e+00	0.0000000000e+00
9.3623062085e+04	3.1744873982e-14	0.0000000000e+00	0.0000000000e+00	0.0000000000e+00
9.3623094069e+04	4.9429234500e-14	0.0000000000e+00	0.0000000000e+00	0.0000000000e+00
9.3623126423e+04	4.8650976748e-14	0.0000000000e+00	0.0000000000e+00	0.0000000000e+00
9.3623159151e+04	4.7870546065e-14	0.0000000000e+00	0.0000000000e+00	0.0000000000e+00
9.3623192258e+04	4.7089196536e-14	0.0000000000e+00	0.0000000000e+00	0.0000000000e+00
9.3623225749e+04	4.6308109215e-14	0.0000000000e+00	0.0000000000e+00	0.0000000000e+00
9.3623259628e+04	4.5528392754e-14	0.0000000000e+00	0.0000000000e+00	0.0000000000e+00
9.3623293899e+04	4.4751084899e-14	0.0000000000e+00	0.0000000000e+00	0.0000000000e+00
9.3623328566e+04	4.3977154620e-14	0.0000000000e+00	0.0000000000e+00	0.0000000000e+00
9.3623363636e+04	4.3207504712e-14	0.0000000000e+00	0.0000000000e+00	0.0000000000e+00
9.3623399111e+04	4.2442974688e-14	0.0000000000e+00	0.0000000000e+00	0.0000000000e+00
9.3623434997e+04	4.1684343843e-14	0.0000000000e+00	0.0000000000e+00	0.0000000000e+00
9.3623471298e+04	4.0932334395e-14	0.0000000000e+00	0.0000000000e+00	0.0000000000e+00
9.3623508020e+04	4.0187614604e-14	0.0000000000e+00	0.0000000000e+00	0.0000000000e+00
9.3623545167e+04	3.9450801832e-14	0.0000000000e+00	0.0000000000e+00	0.0000000000e+00
9.3623582745e+04	3.8722465477e-14	0.0000000000e+00	0.0000000000e+00	0.0000000000e+00
9.3623620757e+04	3.8003129757e-14	0.0000000000e+00	0.0000000000e+00	0.0000000000e+00
9.3623659210e+04	3.7293276336e-14	0.0000000000e+00	0.0000000000e+00	0.0000000000e+00
9.3623698107e+04	3.6593346756e-14	0.0000000000e+00	0.0000000000e+00	0.0000000000e+00
9.3623737456e+04	3.5903744691e-14	0.0000000000e+00	0.0000000000e+00	0.0000000000e+00
9.3623777259e+04	4.9673484564e-14	0.0000000000e+00	0.0000000000e+00	0.0000000000e+00
9.3623817524e+04	4.9029988449e-14	0.0000000000e+00	0.0000000000e+00	0.0000000000e+00
9.3623858255e+04	4.8376011643e-14	0.0000000000e+00	0.0000000000e+00	0.0000000000e+00
9.3623899458e+04	4.7713016125e-14	0.0000000000e+00	0.0000000000e+00	0.0000000000e+00
9.3623941138e+04	4.7042450481e-14	0.0000000000e+00	0.0000000000e+00	0.0000000000e+00
9.3623983300e+04	4.6365735535e-14	0.0000000000e+00	0.0000000000e+00	0.0000000000e+00
9.3624025951e+04	4.5684252733e-14	0.0000000000e+00	0.0000000000e+00	0.0000000000e+00
9.3624069095e+04	4.4999335046e-14	0.0000000000e+00	0.0000000000e+00	0.0000000000e+00
9.3624112739e+04	4.4312260101e-14	0.0000000000e+00	0.0000000000e+00	0.0000000000e+00
9.3624156889e+04	4.3624245241e-14	0.0000000000e+00	0.0000000000e+00	0.0000000000e+00
9.3624201549e+04	4.2936444237e-14	0.0000000000e+00	0.0000000000e+00	0.0000000000e+00
9.3624246727e+04	4.2249945361e-14	0.0000000000e+00	0.0000000000e+00	0.0000000000e+00
9.3624292428e+04	4.1565770580e-14	0.0000000000e+00	0.0000000000e+00	0.0000000000e+00
9.3624338658e+04	4.0884875635e-14	0.0000000000e+00	0.0000000000e+00	0.0000000000e+00
9.3624385424e+04	4.0208150814e-14	0.0000000000e+00	0.0000000000e+00	0.0000000000e+00
9.3624432731e+04	3.9536422240e-14	0.0000000000e+00	0.0000000000e+00	0.0000000000e+00
9.3624480585e+04	3.8870453544e-14	0.0000000000e+00	0.0000000000e+00	0.0000000000e+00
9.3624528994e+04	3.8210947799e-14	0.0000000000e+00	0.0000000000e+00	0.0000000000e+00
9.3624577964e+04	3.7558549620e-14	0.0000000000e+00	0.0000000000e+00	0.0000000000e+00
9.3624627500e+04	3.6913847359e-14	0.0000000000e+00	0.0000000000e+00	0.0000000000e+00
9.3624677610e+04	3.6277375337e-14	0.0000000000e+00	0.0000000000e+00	0.0000000000e+00
9.3624728301e+04	3.5649616081e-14	0.0000000000e+00	0.0000000000e+00	0.0000000000e+00
9.3624779578e+04	3.5031002520e-14	0.0000000000e+00	0.0000000000e+00	0.0000000000e+00
9.3624831449e+04	3.4421920142e-14	0.0000000000e+00	0.0000000000e+00	0.0000000000e+00
9.3624883921e+04	3.3822709087e-14	0.0000000000e+00	0.0000000000e+00	0.0000000000e+00
9.3624937000e+04	3.3233666188e-14	0.0000000000e+00	0.0000000000e+00	0.0000000000e+00
9.3624990694e+04	3.2655046947e-14	0.0000000000e+00	0.0000000000e+00	0.0000000000e+00
9.3625045010e+04	3.2087067467e-14	0.0000000000e+00	0.0000000000e+00	0.0000000000e+00
9.3625099954e+04	3.1529906349e-14	0.0000000000e+00	0.0000000000e+00	0.0000000000e+00
9.3625155535e+04	3.0983706550e-14	0.0000000000e+00	0.0000000000e+00	0.0000000000e+00
9.3625211760e+04	3.0448577235e-14	0.0000000000e+00	0.0000000000e+00	0.0000000000e+00
9.3625268635e+04	2.9924595631e-14	0.0000000000e+00	0.0000000000e+00	0.0000000000e+00
9.3625326169e+04	2.9411808881e-14	0.0000000000e+00	0.0000000000e+00	0.0000000000e+00
9.3625384369e+04	3.9844520933e-14	0.0000000000e+00	0.0000000000e+00	0.0000000000e+00
9.3625443244e+04	3.9245600507e-14	0.0000000000e+00	0.0000000000e+00	0.0000000000e+00
9.3625502800e+04	3.8650304337e-14	0.0000000000e+00	0.0000000000e+00	0.0000000000e+00
9.3625563045e+04	3.8059396261e-14	0.0000000000e+00	0.0000000000e+00	0.0000000000e+00
9.3625623988e+04	3.7473574452e-14	0.0000000000e+00	0.0000000000e+00	0.0000000000e+00
9.3625685637e+04	3.6893472431e-14	0.0000000000e+00	0.0000000000e+00	0.0000000000e+00
9.3625748000e+04	3.6319660449e-14	0.0000000000e+00	0.0000000000e+00	0.0000000000e+00
9.3625811085e+04	3.5752647149e-14	0.0000000000e+00	0.0000000000e+00	0.0000000000e+00
9.3625874900e+04	3.5192881470e-14	0.0000000000e+00	0.0000000000e+00	0.0000000000e+00
9.3625939454e+04	3.4640754712e-14	0.0000000000e+00	0.0000000000e+00	0.0000000000e+00
9.3626004756e+04	3.4096602746e-14	0.0000000000e+00	0.0000000000e+00	0.0000000000e+00
9.3626070814e+04	3.3560708351e-14	0.0000000000e+00	0.0000000000e+00	0.0000000000e+00
9.3626137637e+04	3.3033303642e-14	0.0000000000e+00	0.0000000000e+00	0.0000000000e+00
9.3626205234e+04	3.2514572608e-14	0.0000000000e+00	0.0000000000e+00	0.0000000000e+00
9.3626273613e+04	3.2004653733e-14	0.0000000000e+00	0.0000000000e+00	0.0000000000e+00
9.3626342784e+04	4.0617916769e-14	0.0000000000e+00	0.0000000000e+00	0.0000000000e+00
9.3626412756e+04	4.0083322427e-14	0.0000000000e+00	0.0000000000e+00	0.0000000000e+00
9.3626483539e+04	3.9548842399e-14	0.0000000000e+00	0.0000000000e+00	0.0000000000e+00
9.3626555141e+04	3.9015367788e-14	0.0000000000e+00	0.0000000000e+00	0.0000000000e+00
9.3626627572e+04	3.8483724912e-14	0.0000000000e+00	0.0000000000e+00	0.0000000000e+00
9.3626700842e+04	3.7954673097e-14	0.0000000000e+00	0.0000000000e+00	0.0000000000e+00
9.3626774960e+04	3.7428903433e-14	0.0000000000e+00	0.0000000000e+00	0.0000000000e+00
9.3626849937e+04	3.6907038335e-14	0.0000000000e+00	0.0000000000e+00	0.0000000000e+00
9.3626925781e+04	3.6389631810e-14	0.0000000000e+00	0.0000000000e+00	0.0000000000e+00
9.3627002504e+04	3.5877170300e-14	0.0000000000e+00	0.0000000000e+00	0.0000000000e+00
9.3627080116e+04	3.5370074032e-14	0.0000000000e+00	0.0000000000e+00	0.0000000000e+00
9.3627158626e+04	3.4868698792e-14	0.0000000000e+00	0.0000000000e+00	0.0000000000e+00
9.3627238045e+04	3.4373338085e-14	0.0000000000e+00	0.0000000000e+00	0.0000000000e+00
9.3627318384e+04	4.1370072354e-14	0.0000000000e+00	0.0000000000e+00	0.0000000000e+00
9.3627399653e+04	4.0897009595e-14	0.0000000000e+00	0.0000000000e+00	0.0000000000e+00
9.3627481863e+04	4.0420508297e-14	0.0000000000e+00	0.0000000000e+00	0.0000000000e+00
9.3627565025e+04	3.9941553574e-14	0.0000000000e+00	0.0000000000e+00	0.0000000000e+00
9.3627649150e+04	3.9461082224e-14	0.0000000000e+00	0.0000000000e+00	0.0000000000e+00
9.3627734249e+04	3.8979975188e-14	0.0000000000e+00	0.0000000000e+00	0.0000000000e+00
9.3627820333e+04	3.8499051589e-14	0.0000000000e+00	0.0000000000e+00	0.0000000000e+00
9.3627907415e+04	3.8019064221e-14	0.0000000000e+00	0.0000000000e+00	0.0000000000e+00
9.3627995504e+04	3.7540696322e-14	0.0000000000e+00	0.0000000000e+00	0.0000000000e+00
9.3628084614e+04	3.7064559531e-14	0.0000000000e+00	0.0000000000e+00	0.0000000000e+00
9.3628174756e+04	3.6591192858e-14	0.0000000000e+00	0.0000000000e+00	0.0000000000e+00
9.3628265941e+04	3.6121062583e-14	0.0000000000e+00	0.0000000000e+00	0.0000000000e+00
9.3628358182e+04	4.1740280656e-14	0.0000000000e+00	0.0000000000e+00	0.0000000000e+00
9.3628451492e+04	4.1321355740e-14	0.0000000000e+00	0.0000000000e+00	0.0000000000e+00
9.3628545882e+04	4.0896235491e-14	0.0000000000e+00	0.0000000000e+00	0.0000000000e+00
9.3628641364e+04	4.0465922402e-14	0.0000000000e+00	0.0000000000e+00	0.0000000000e+00
9.3628737953e+04	4.0031398848e-14	0.0000000000e+00	0.0000000000e+00	0.0000000000e+00
9.3628835660e+04	3.9593614084e-14	0.0000000000e+00	0.0000000000e+00	0.0000000000e+00
9.3628934498e+04	3.9153473033e-14	0.0000000000e+00	0.0000000000e+00	0.0000000000e+00
9.3629034481e+04	3.8711826848e-14	0.0000000000e+00	0.0000000000e+00	0.0000000000e+00
9.3629135621e+04	3.8269465167e-14	0.0000000000e+00	0.0000000000e+00	0.0000000000e+00
9.3629237933e+04	3.7827109983e-14	0.0000000000e+00	0.0000000000e+00	0.0000000000e+00
9.3629341429e+04	3.7385411049e-14	0.0000000000e+00	0.0000000000e+00	0.0000000000e+00
9.3629446124e+04	3.6944942700e-14	0.0000000000e+00	0.0000000000e+00	0.0000000000e+00
9.3629552031e+04	3.6506202024e-14	0.0000000000e+00	0.0000000000e+00	0.0000000000e+00
9.3629659165e+04	3.6069608252e-14	0.0000000000e+00	0.0000000000e+00	0.0000000000e+00
9.3629767539e+04	3.5635503276e-14	0.0000000000e+00	0.0000000000e+00	0.0000000000e+00
9.3629877168e+04	3.5204153182e-14	0.0000000000e+00	0.0000000000e+00	0.0000000000e+00
9.3629988066e+04	3.4775750676e-14	0.0000000000e+00	0.0000000000e+00	0.0000000000e+00
9.3630100249e+04	3.4350418311e-14	0.0000000000e+00	0.0000000000e+00	0.0000000000e+00
9.3630213730e+04	3.3928212433e-14	0.0000000000e+00	0.0000000000e+00	0.0000000000e+00
9.3630328526e+04	3.3509127785e-14	0.0000000000e+00	0.0000000000e+00	0.0000000000e+00
9.3630444651e+04	3.3093102772e-14	0.0000000000e+00	0.0000000000e+00	0.0000000000e+00
9.3630562120e+04	3.2680025407e-14	0.0000000000e+00	0.0000000000e+00	0.0000000000e+00
9.3630680950e+04	3.2269740018e-14	0.0000000000e+00	0.0000000000e+00	0.0000000000e+00
9.3630801156e+04	3.7062731572e-14	0.0000000000e+00	0.0000000000e+00	0.0000000000e+00
9.3630922753e+04	3.6650113597e-14	0.0000000000e+00	0.0000000000e+00	0.0000000000e+00
9.3631045759e+04	3.6238796682e-14	0.0000000000e+00	0.0000000000e+00	0.0000000000e+00
9.3631170189e+04	3.5829150689e-14	0.0000000000e+00	0.0000000000e+00	0.0000000000e+00
9.3631296060e+04	3.5421461673e-14	0.0000000000e+00	0.0000000000e+00	0.0000000000e+00
9.3631423388e+04	3.5015933834e-14	0.0000000000e+00	0.0000000000e+00	0.0000000000e+00
9.3631552191e+04	3.4612692685e-14	0.0000000000e+00	0.0000000000e+00	0.0000000000e+00
9.3631682485e+04	3.4211789251e-14	0.0000000000e+00	0.0000000000e+00	0.0000000000e+00
9.3631814288e+04	3.3813205169e-14	0.0000000000e+00	0.0000000000e+00	0.0000000000e+00
9.3631947617e+04	3.3416858568e-14	0.0000000000e+00	0.0000000000e+00	0.0000000000e+00
9.3632082490e+04	3.7448203981e-14	0.0000000000e+00	0.0000000000e+00	0.0000000000e+00
9.3632218925e+04	3.7059105159e-14	0.0000000000e+00	0.0000000000e+00	0.0000000000e+00
9.3632356940e+04	3.6670485339e-14	0.0000000000e+00	0.0000000000e+00	0.0000000000e+00
9.3632496553e+04	3.6282851129e-14	0.0000000000e+00	0.0000000000e+00	0.0000000000e+00
9.3632637782e+04	3.5896617043e-14	0.0000000000e+00	0.0000000000e+00	0.0000000000e+00
9.3632780647e+04	3.5512104155e-14	0.0000000000e+00	0.0000000000e+00	0.0000000000e+00
9.3632925166e+04	3.5129540666e-14	0.0000000000e+00	0.0000000000e+00	0.0000000000e+00
9.3633071358e+04	3.4749064293e-14	0.0000000000e+00	0.0000000000e+00	0.0000000000e+00
9.3633219244e+04	3.4370726291e-14	0.0000000000e+00	0.0000000000e+00	0.0000000000e+00
9.3633368842e+04	3.3994496844e-14	0.0000000000e+00	0.0000000000e+00	0.0000000000e+00
9.3633520172e+04	3.7407380795e-14	0.0000000000e+00	0.0000000000e+00	0.0000000000e+00
9.3633673254e+04	3.7043062779e-14	0.0000000000e+00	0.0000000000e+00	0.0000000000e+00
9.3633828109e+04	3.6679073031e-14	0.0000000000e+00	0.0000000000e+00	0.0000000000e+00
9.3633984757e+04	3.6315980180e-14	0.0000000000e+00	0.0000000000e+00	0.0000000000e+00
9.3634143219e+04	3.5954254560e-14	0.0000000000e+00	0.0000000000e+00	0.0000000000e+00
9.3634303516e+04	3.5594263998e-14	0.0000000000e+00	0.0000000000e+00	0.0000000000e+00
9.3634465669e+04	3.5236271785e-14	0.0000000000e+00	0.0000000000e+00	0.0000000000e+00
9.3634629700e+04	3.4880436995e-14	0.0000000000e+00	0.0000000000e+00	0.0000000000e+00
9.3634795630e+04	3.4526817143e-14	0.0000000000e+00	0.0000000000e+00	0.0000000000e+00
9.3634963482e+04	3.7438344512e-14	0.0000000000e+00	0.0000000000e+00	0.0000000000e+00
9.3635133277e+04	3.7100100056e-14	0.0000000000e+00	0.0000000000e+00	0.0000000000e+00
9.3635305038e+04	3.6761832683e-14	0.0000000000e+00	0.0000000000e+00	0.0000000000e+00
9.3635478788e+04	3.6424181051e-14	0.0000000000e+00	0.0000000000e+00	0.0000000000e+00
9.3635654550e+04	3.6087684070e-14	0.0000000000e+00	0.0000000000e+00	0.0000000000e+00
9.3635832347e+04	3.5752774001e-14	0.0000000000e+00	0.0000000000e+00	0.0000000000e+00
9.3636012204e+04	3.5419771393e-14	0.0000000000e+00	0.0000000000e+00	0.0000000000e+00
9.3636194142e+04	3.5088882200e-14	0.0000000000e+00	0.0000000000e+00	0.0000000000e+00
9.3636378188e+04	3.4760197452e-14	0.0000000000e+00	0.0000000000e+00	0.0000000000e+00
9.3636564364e+04	3.4433695695e-14	0.0000000000e+00	0.0000000000e+00	0.0000000000e+00
9.3636752697e+04	3.4109248186e-14	0.0000000000e+00	0.0000000000e+00	0.0000000000e+00
9.3636943210e+04	3.3786626608e-14	0.0000000000e+00	0.0000000000e+00	0.0000000000e+00
9.3637135929e+04	3.3465512903e-14	0.0000000000e+00	0.0000000000e+00	0.0000000000e+00
9.3637330880e+04	3.3145510828e-14	0.0000000000e+00	0.0000000000e+00	0.0000000000e+00
9.3637528089e+04	3.2826159045e-14	0.0000000000e+00	0.0000000000e+00	0.0000000000e+00
9.3637727580e+04	3.2506945814e-14	0.0000000000e+00	0.0000000000e+00	0.0000000000e+00
9.3637929382e+04	3.2187325641e-14	0.0000000000e+00	0.0000000000e+00	0.0000000000e+00
9.3638133521e+04	3.4796410612e-14	0.0000000000e+00	0.0000000000e+00	0.0000000000e+00
9.3638340023e+04	3.4493677110e-14	0.0000000000e+00	0.0000000000e+00	0.0000000000e+00
9.3638548917e+04	3.4192631972e-14	0.0000000000e+00	0.0000000000e+00	0.0000000000e+00
9.3638760229e+04	3.3892988496e-14	0.0000000000e+00	0.0000000000e+00	0.0000000000e+00
9.3638973989e+04	3.3594360490e-14	0.0000000000e+00	0.0000000000e+00	0.0000000000e+00
9.3639190223e+04	3.3296275085e-14	0.0000000000e+00	0.0000000000e+00	0.0000000000e+00
9.3639408962e+04	3.2998187645e-14	0.0000000000e+00	0.0000000000e+00	0.0000000000e+00
9.3639630233e+04	3.2699498650e-14	0.0000000000e+00	0.0000000000e+00	0.0000000000e+00
9.3639854067e+04	3.4972750824e-14	0.0000000000e+00	0.0000000000e+00	0.0000000000e+00
9.3640080492e+04	3.4687849626e-14	0.0000000000e+00	0.0000000000e+00	0.0000000000e+00
9.3640309540e+04	3.4404150020e-14	0.0000000000e+00	0.0000000000e+00	0.0000000000e+00
9.3640541239e+04	3.4121390162e-14	0.0000000000e+00	0.0000000000e+00	0.0000000000e+00
9.3640775622e+04	3.3839197017e-14	0.0000000000e+00	0.0000000000e+00	0.0000000000e+00
9.3641012718e+04	3.3557098599e-14	0.0000000000e+00	0.0000000000e+00	0.0000000000e+00
9.3641252560e+04	3.3274539235e-14	0.0000000000e+00	0.0000000000e+00	0.0000000000e+00
9.3641495179e+04	3.5260860075e-14	0.0000000000e+00	0.0000000000e+00	0.0000000000e+00
9.3641740608e+04	3.4987625521e-14	0.0000000000e+00	0.0000000000e+00	0.0000000000e+00
9.3641988879e+04	3.4715121465e-14	0.0000000000e+00	0.0000000000e+00	0.0000000000e+00
9.3642240024e+04	3.4443235069e-14	0.0000000000e+00	0.0000000000e+00	0.0000000000e+00
9.3642494077e+04	3.4171731077e-14	0.0000000000e+00	0.0000000000e+00	0.0000000000e+00
9.3642751073e+04	3.3900260154e-14	0.0000000000e+00	0.0000000000e+00	0.0000000000e+00
9.3643011044e+04	3.3628370646e-14	0.0000000000e+00	0.0000000000e+00	0.0000000000e+00
9.3643274025e+04	3.3355524234e-14	0.0000000000e+00	0.0000000000e+00	0.0000000000e+00
9.3643540052e+04	3.5112765918e-14	0.0000000000e+00	0.0000000000e+00	0.0000000000e+00
9.3643809159e+04	3.4847690364e-14	0.0000000000e+00	0.0000000000e+00	0.0000000000e+00
9.3644081382e+04	3.4583030647e-14	0.0000000000e+00	0.0000000000e+00	0.0000000000e+00
9.3644356758e+04	3.4318703517e-14	0.0000000000e+00	0.0000000000e+00	0.0000000000e+00
9.3644635322e+04	3.4054501729e-14	0.0000000000e+00	0.0000000000e+00	0.0000000000e+00
9.3644917112e+04	3.3790102184e-14	0.0000000000e+00	0.0000000000e+00	0.0000000000e+00
9.3645202164e+04	3.3525078094e-14	0.0000000000e+00	0.0000000000e+00	0.0000000000e+00
9.3645490518e+04	3.3258915160e-14	0.0000000000e+00	0.0000000000e+00	0.0000000000e+00
9.3645782210e+04	3.2991031481e-14	0.0000000000e+00	0.0000000000e+00	0.0000000000e+00
9.3646077280e+04	3.2720800980e-14	0.0000000000e+00	0.0000000000e+00	0.0000000000e+00
9.3646375767e+04	3.2447580293e-14	0.0000000000e+00	0.0000000000e+00	0.0000000000e+00
9.3646677710e+04	3.2170739312e-14	0.0000000000e+00	0.0000000000e+00	0.0000000000e+00
9.3646983150e+04	3.1889695381e-14	0.0000000000e+00	0.0000000000e+00	0.0000000000e+00
9.3647292126e+04	3.3539334305e-14	0.0000000000e+00	0.0000000000e+00	0.0000000000e+00
9.3647604680e+04	3.3282194235e-14	0.0000000000e+00	0.0000000000e+00	0.0000000000e+00
9.3647920854e+04	3.3024028108e-14	0.0000000000e+00	0.0000000000e+00	0.0000000000e+00
9.3648240688e+04	3.2764224953e-14	0.0000000000e+00	0.0000000000e+00	0.0000000000e+00
9.3648564226e+04	3.2502136163e-14	0.0000000000e+00	0.0000000000e+00	0.0000000000e+00
9.3648891510e+04	3.2237107156e-14	0.0000000000e+00	0.0000000000e+00	0.0000000000e+00
9.3649222584e+04	3.1968513230e-14	0.0000000000e+00	0.0000000000e+00	0.0000000000e+00
9.3649557492e+04	3.3448603254e-14	0.0000000000e+00	0.0000000000e+00	0.0000000000e+00
9.3649896278e+04	3.3203353017e-14	0.0000000000e+00	0.0000000000e+00	0.0000000000e+00
9.3650238987e+04	3.2957628872e-14	0.0000000000e+00	0.0000000000e+00	0.0000000000e+00
9.3650585664e+04	3.2710762341e-14	0.0000000000e+00	0.0000000000e+00	0.0000000000e+00
9.3650936355e+04	3.2462034830e-14	0.0000000000e+00	0.0000000000e+00	0.0000000000e+00
9.3651291107e+04	3.2210712614e-14	0.0000000000e+00	0.0000000000e+00	0.0000000000e+00
9.3651649968e+04	3.3533231533e-14	0.0000000000e+00	0.0000000000e+00	0.0000000000e+00
9.3652012983e+04	3.3301678270e-14	0.0000000000e+00	0.0000000000e+00	0.0000000000e+00
9.3652380202e+04	3.3070328835e-14	0.0000000000e+00	0.0000000000e+00	0.0000000000e+00
9.3652751673e+04	3.2838468545e-14	0.0000000000e+00	0.0000000000e+00	0.0000000000e+00
9.3653127446e+04	3.2605300927e-14	0.0000000000e+00	0.0000000000e+00	0.0000000000e+00
9.3653507570e+04	3.2369982344e-14	0.0000000000e+00	0.0000000000e+00	0.0000000000e+00
9.3653892095e+04	3.3564489545e-14	0.0000000000e+00	0.0000000000e+00	0.0000000000e+00
9.3654281074e+04	3.3345626798e-14	0.0000000000e+00	0.0000000000e+00	0.0000000000e+00
9.3654674556e+04	3.3126992022e-14	0.0000000000e+00	0.0000000000e+00	0.0000000000e+00
9.3655072594e+04	3.2907810767e-14	0.0000000000e+00	0.0000000000e+00	0.0000000000e+00
9.3655475242e+04	3.2687212909e-14	0.0000000000e+00	0.0000000000e+00	0.0000000000e+00
9.3655882552e+04	3.2464268709e-14	0.0000000000e+00	0.0000000000e+00	0.0000000000e+00
9.3656294579e+04	3.2238031632e-14	0.0000000000e+00	0.0000000000e+00	0.0000000000e+00
9.3656711376e+04	3.2007587592e-14	0.0000000000e+00	0.0000000000e+00	0.0000000000e+00
9.3657133000e+04	3.1772109267e-14	0.0000000000e+00	0.0000000000e+00	0.0000000000e+00
9.3657559506e+04	3.1530912510e-14	0.0000000000e+00	0.0000000000e+00	0.0000000000e+00
9.3657990951e+04	3.1283510191e-14	0.0000000000e+00	0.0000000000e+00	0.0000000000e+00
9.3658427392e+04	3.2491446335e-14	0.0000000000e+00	0.0000000000e+00	0.0000000000e+00
9.3658868886e+04	3.2271751805e-14	0.0000000000e+00	0.0000000000e+00	0.0000000000e+00
9.3659315493e+04	3.2047296736e-14	0.0000000000e+00	0.0000000000e+00	0.0000000000e+00
9.3659767271e+04	3.1817269574e-14	0.0000000000e+00	0.0000000000e+00	0.0000000000e+00
9.3660224280e+04	3.1581016623e-14	0.0000000000e+00	0.0000000000e+00	0.0000000000e+00
9.3660686582e+04	3.1338098840e-14	0.0000000000e+00	0.0000000000e+00	0.0000000000e+00
9.3661154236e+04	3.2442776497e-14	0.0000000000e+00	0.0000000000e+00	0.0000000000e+00
9.3661627306e+04	3.2225584840e-14	0.0000000000e+00	0.0000000000e+00	0.0000000000e+00
9.3662105854e+04	3.2003411140e-14	0.0000000000e+00	0.0000000000e+00	0.0000000000e+00
9.3662589943e+04	3.1775545611e-14	0.0000000000e+00	0.0000000000e+00	0.0000000000e+00
9.3663079637e+04	3.1541451269e-14	0.0000000000e+00	0.0000000000e+00	0.0000000000e+00
9.3663575002e+04	3.2532256272e-14	0.0000000000e+00	0.0000000000e+00	0.0000000000e+00
9.3664076103e+04	3.2321204791e-14	0.0000000000e+00	0.0000000000e+00	0.0000000000e+00
9.3664583006e+04	3.2106153137e-14	0.0000000000e+00	0.0000000000e+00	0.0000000000e+00
9.3665095779e+04	3.1886371018e-14	0.0000000000e+00	0.0000000000e+00	0.0000000000e+00
9.3665614490e+04	3.1661251802e-14	0.0000000000e+00	0.0000000000e+00	0.0000000000e+00
9.3666139207e+04	3.2559505237e-14	0.0000000000e+00	0.0000000000e+00	0.0000000000e+00
9.3666670000e+04	3.2355825063e-14	0.0000000000e+00	0.0000000000e+00	0.0000000000e+00
9.3667206939e+04	3.2149240808e-14	0.0000000000e+00	0.0000000000e+00	0.0000000000e+00
9.3667750096e+04	3.1938962060e-14	0.0000000000e+00	0.0000000000e+00	0.0000000000e+00
9.3668299542e+04	3.1724273093e-14	0.0000000000e+00	0.0000000000e+00	0.0000000000e+00
9.3668855351e+04	3.1504598319e-14	0.0000000000e+00	0.0000000000e+00	0.0000000000e+00
9.3669417595e+04	3.1279566190e-14	0.0000000000e+00	0.0000000000e+00	0.0000000000e+00
9.3669986350e+04	3.1049062274e-14	0.0000000000e+00	0.0000000000e+00	0.0000000000e+00
9.3670561691e+04	3.0813261689e-14	0.0000000000e+00	0.0000000000e+00	0.0000000000e+00
9.3671143694e+04	3.0572633288e-14	0.0000000000e+00	0.0000000000e+00	0.0000000000e+00
9.3671732436e+04	3.1545572760e-14	0.0000000000e+00	0.0000000000e+00	0.0000000000e+00
9.3672327996e+04	3.1331834244e-14	0.0000000000e+00	0.0000000000e+00	0.0000000000e+00
9.3672930452e+04	3.1112422597e-14	0.0000000000e+00	0.0000000000e+00	0.0000000000e+00
9.3673539883e+04	3.0887301208e-14	0.0000000000e+00	0.0000000000e+00	0.0000000000e+00
9.3674156372e+04	3.0656750036e-14	0.0000000000e+00	0.0000000000e+00	0.0000000000e+00
9.3674780000e+04	3.1560184250e-14	0.0000000000e+00	0.0000000000e+00	0.0000000000e+00
9.3675410848e+04	3.1354211116e-14	0.0000000000e+00	0.0000000000e+00	0.0000000000e+00
9.3676049002e+04	3.1141827929e-14	0.0000000000e+00	0.0000000000e+00	0.0000000000e+00
9.3676694545e+04	3.0922923767e-14	0.0000000000e+00	0.0000000000e+00	0.0000000000e+00
9.3677347563e+04	3.1736291711e-14	0.0000000000e+00	0.0000000000e+00	0.0000000000e+00
9.3678008143e+04	3.1539741325e-14	0.0000000000e+00	0.0000000000e+00	0.0000000000e+00
9.3678676371e+04	3.1336443366e-14	0.0000000000e+00	0.0000000000e+00	0.0000000000e+00
9.3679352338e+04	3.1126033138e-14	0.0000000000e+00	0.0000000000e+00	0.0000000000e+00
9.3680036132e+04	3.0908522476e-14	0.0000000000e+00	0.0000000000e+00	0.0000000000e+00
9.3680727844e+04	3.1669197189e-14	0.0000000000e+00	0.0000000000e+00	0.0000000000e+00
9.3681427565e+04	3.1472173500e-14	0.0000000000e+00	0.0000000000e+00	0.0000000000e+00
9.3682135389e+04	3.1268145460e-14	0.0000000000e+00	0.0000000000e+00	0.0000000000e+00
9.3682851409e+04	3.1056983160e-14	0.0000000000e+00	0.0000000000e+00	0.0000000000e+00
9.3683575720e+04	3.0838958359e-14	0.0000000000e+00	0.0000000000e+00	0.0000000000e+00
9.3684308418e+04	3.0614748313e-14	0.0000000000e+00	0.0000000000e+00	0.0000000000e+00
9.3685049601e+04	3.0385393085e-14	0.0000000000e+00	0.0000000000e+00	0.0000000000e+00
9.3685799366e+04	3.0152209318e-14	0.0000000000e+00	0.0000000000e+00	0.0000000000e+00
9.3686557813e+04	3.0943205158e-14	0.0000000000e+00	0.0000000000e+00	0.0000000000e+00
9.3687325042e+04	3.0726831308e-14	0.0000000000e+00	0.0000000000e+00	0.0000000000e+00
9.3688101156e+04	3.0505488245e-14	0.0000000000e+00	0.0000000000e+00	0.0000000000e+00
9.3688886256e+04	3.0280354288e-14	0.0000000000e+00	0.0000000000e+00	0.0000000000e+00
9.3689680447e+04	3.1014212040e-14	0.0000000000e+00	0.0000000000e+00	0.0000000000e+00
9.3690483835e+04	3.0807708031e-14	0.0000000000e+00	0.0000000000e+00	0.0000000000e+00
9.3691296526e+04	3.0596320424e-14	0.0000000000e+00	0.0000000000e+00	0.0000000000e+00
9.3692118627e+04	3.0380949738e-14	0.0000000000e+00	0.0000000000e+00	0.0000000000e+00
9.3692950247e+04	3.1066123963e-14	0.0000000000e+00	0.0000000000e+00	0.0000000000e+00
9.3693791497e+04	3.0869569575e-14	0.0000000000e+00	0.0000000000e+00	0.0000000000e+00
9.3694642489e+04	3.0667670509e-14	0.0000000000e+00	0.0000000000e+00	0.0000000000e+00
9.3695503334e+04	3.0461038467e-14	0.0000000000e+00	0.0000000000e+00	0.0000000000e+00
9.3696374148e+04	3.1102827577e-14	0.0000000000e+00	0.0000000000e+00	0.0000000000e+00
9.3697255045e+04	3.0913507823e-14	0.0000000000e+00	0.0000000000e+00	0.0000000000e+00
9.3698146142e+04	3.0717915844e-14	0.0000000000e+00	0.0000000000e+00	0.0000000000e+00
9.3699047558e+04	3.0516523564e-14	0.0000000000e+00	0.0000000000e+00	0.0000000000e+00
9.3699959412e+04	3.0310179622e-14	0.0000000000e+00	0.0000000000e+00	0.0000000000e+00
9.3700881824e+04	3.0100007788e-14	0.0000000000e+00	0.0000000000e+00	0.0000000000e+00
9.3701814918e+04	2.9887269723e-14	0.0000000000e+00	0.0000000000e+00	0.0000000000e+00
9.3702758816e+04	2.9673214147e-14	0.0000000000e+00	0.0000000000e+00	0.0000000000e+00
9.3703713644e+04	3.0333059162e-14	0.0000000000e+00	0.0000000000e+00	0.0000000000e+00
9.3704679529e+04	3.0123548074e-14	0.0000000000e+00	0.0000000000e+00	0.0000000000e+00
9.3705656598e+04	2.9911354447e-14	0.0000000000e+00	0.0000000000e+00	0.0000000000e+00
9.3706644981e+04	2.9697984749e-14	0.0000000000e+00	0.0000000000e+00	0.0000000000e+00
9.3707644808e+04	3.0319251320e-14	0.0000000000e+00	0.0000000000e+00	0.0000000000e+00
9.3708656213e+04	3.0111330367e-14	0.0000000000e+00	0.0000000000e+00	0.0000000000e+00
9.3709679330e+04	2.9901533217e-14	0.0000000000e+00	0.0000000000e+00	0.0000000000e+00
9.3710714294e+04	3.0481586889e-14	0.0000000000e+00	0.0000000000e+00	0.0000000000e+00
9.3711761242e+04	3.0280866520e-14	0.0000000000e+00	0.0000000000e+00	0.0000000000e+00
9.3712820314e+04	3.0077606228e-14	0.0000000000e+00	0.0000000000e+00	0.0000000000e+00
9.3713891648e+04	2.9873398055e-14	0.0000000000e+00	0.0000000000e+00	0.0000000000e+00
9.3714975388e+04	3.0427759432e-14	0.0000000000e+00	0.0000000000e+00	0.0000000000e+00
9.3716071678e+04	3.0232878461e-14	0.0000000000e+00	0.0000000000e+00	0.0000000000e+00
9.3717180662e+04	3.0035882677e-14	0.0000000000e+00	0.0000000000e+00	0.0000000000e+00
9.3718302487e+04	2.9838120215e-14	0.0000000000e+00	0.0000000000e+00	0.0000000000e+00
9.3719437302e+04	2.9640759659e-14	0.0000000000e+00	0.0000000000e+00	0.0000000000e+00
9.3720585258e+04	2.9444631614e-14	0.0000000000e+00	0.0000000000e+00	0.0000000000e+00
9.3721746507e+04	2.9250119675e-14	0.0000000000e+00	0.0000000000e+00	0.0000000000e+00
9.3722921202e+04	2.9792317083e-14	0.0000000000e+00	0.0000000000e+00	0.0000000000e+00
9.3724109499e+04	2.9597938695e-14	0.0000000000e+00	0.0000000000e+00	0.0000000000e+00
9.3725311557e+04	2.9404063683e-14	0.0000000000e+00	0.0000000000e+00	0.0000000000e+00
9.3726527533e+04	2.9917567490e-14	0.0000000000e+00	0.0000000000e+00	0.0000000000e+00
9.3727757590e+04	2.9723518919e-14	0.0000000000e+00	0.0000000000e+00	0.0000000000e+00
9.3729001890e+04	2.9529220045e-14	0.0000000000e+00	0.0000000000e+00	0.0000000000e+00
9.3730260599e+04	3.0014554978e-14	0.0000000000e+00	0.0000000000e+00	0.0000000000e+00
9.3731533882e+04	2.9821158026e-14	0.0000000000e+00	0.0000000000e+00	0.0000000000e+00
9.3732821910e+04	2.9627381989e-14	0.0000000000e+00	0.0000000000e+00	0.0000000000e+00
9.3734124852e+04	2.9434504363e-14	0.0000000000e+00	0.0000000000e+00	0.0000000000e+00
9.3735442882e+04	2.9896379453e-14	0.0000000000e+00	0.0000000000e+00	0.0000000000e+00
9.3736776174e+04	2.9705508108e-14	0.0000000000e+00	0.0000000000e+00	0.0000000000e+00
9.3738124904e+04	2.9515886284e-14	0.0000000000e+00	0.0000000000e+00	0.0000000000e+00
9.3739489252e+04	2.9328437815e-14	0.0000000000e+00	0.0000000000e+00	0.0000000000e+00
9.3740869399e+04	2.9143461770e-14	0.0000000000e+00	0.0000000000e+00	0.0000000000e+00
9.3742265527e+04	2.8960605427e-14	0.0000000000e+00	0.0000000000e+00	0.0000000000e+00
9.3743677821e+04	2.9403493437e-14	0.0000000000e+00	0.0000000000e+00	0.0000000000e+00
9.3745106469e+04	2.9222592937e-14	0.0000000000e+00	0.0000000000e+00	0.0000000000e+00
9.3746551660e+04	2.9043395005e-14	0.0000000000e+00	0.0000000000e+00	0.0000000000e+00
9.3748013585e+04	2.9467098107e-14	0.0000000000e+00	0.0000000000e+00	0.0000000000e+00
9.3749492439e+04	2.9288076613e-14	0.0000000000e+00	0.0000000000e+00	0.0000000000e+00
9.3750988417e+04	2.9109941228e-14	0.0000000000e+00	0.0000000000e+00	0.0000000000e+00
9.3752501717e+04	2.9513133374e-14	0.0000000000e+00	0.0000000000e+00	0.0000000000e+00
9.3754032541e+04	2.9333679757e-14	0.0000000000e+00	0.0000000000e+00	0.0000000000e+00
9.3755581091e+04	2.9154772967e-14	0.0000000000e+00	0.0000000000e+00	0.0000000000e+00
9.3757147572e+04	2.9537505682e-14	0.0000000000e+00	0.0000000000e+00	0.0000000000e+00
9.3758732192e+04	2.9357468686e-14	0.0000000000e+00	0.0000000000e+00	0.0000000000e+00
9.3760335161e+04	2.9178533037e-14	0.0000000000e+00	0.0000000000e+00	0.0000000000e+00
9.3761956692e+04	2.9000618738e-14	0.0000000000e+00	0.0000000000e+00	0.0000000000e+00
9.3763596999e+04	2.8823110139e-14	0.0000000000e+00	0.0000000000e+00	0.0000000000e+00
9.3765256300e+04	2.9188733006e-14	0.0000000000e+00	0.0000000000e+00	0.0000000000e+00
9.3766934815e+04	2.9014298399e-14	0.0000000000e+00	0.0000000000e+00	0.0000000000e+00
9.3768632766e+04	2.8840933812e-14	0.0000000000e+00	0.0000000000e+00	0.0000000000e+00
9.3770350379e+04	2.9193135740e-14	0.0000000000e+00	0.0000000000e+00	0.0000000000e+00
9.3772087880e+04	2.9023006508e-14	0.0000000000e+00	0.0000000000e+00	0.0000000000e+00
9.3773845501e+04	2.8853513646e-14	0.0000000000e+00	0.0000000000e+00	0.0000000000e+00
9.3775623474e+04	2.9192073503e-14	0.0000000000e+00	0.0000000000e+00	0.0000000000e+00
9.3777422035e+04	2.9024133741e-14	0.0000000000e+00	0.0000000000e+00	0.0000000000e+00
9.3779241423e+04	2.8855746796e-14	0.0000000000e+00	0.0000000000e+00	0.0000000000e+00
9.3781081878e+04	2.9178713313e-14	0.0000000000e+00	0.0000000000e+00	0.0000000000e+00
9.3782943644e+04	2.9010287715e-14	0.0000000000e+00	0.0000000000e+00	0.0000000000e+00
9.3784826969e+04	2.8840904350e-14	0.0000000000e+00	0.0000000000e+00	0.0000000000e+00
9.3786732101e+04	2.8669293969e-14	0.0000000000e+00	0.0000000000e+00	0.0000000000e+00
9.3788659294e+04	2.8494208981e-14	0.0000000000e+00	0.0000000000e+00	0.0000000000e+00
9.3790608803e+04	2.8810048161e-14	0.0000000000e+00	0.0000000000e+00	0.0000000000e+00
9.3792580886e+04	2.8639351484e-14	0.0000000000e+00	0.0000000000e+00	0.0000000000e+00
9.3794575804e+04	2.8465998704e-14	0.0000000000e+00	0.0000000000e+00	0.0000000000e+00
9.3796593823e+04	2.8772119841e-14	0.0000000000e+00	0.0000000000e+00	0.0000000000e+00
9.3798635209e+04	2.8604883217e-14	0.0000000000e+00	0.0000000000e+00	0.0000000000e+00
9.3800700234e+04	2.8895627868e-14	0.0000000000e+00	0.0000000000e+00	0.0000000000e+00
9.3802789170e+04	2.8733248332e-14	0.0000000000e+00	0.0000000000e+00	0.0000000000e+00
9.3804902295e+04	2.8568675544e-14	0.0000000000e+00	0.0000000000e+00	0.0000000000e+00
9.3807039889e+04	2.8850534269e-14	0.0000000000e+00	0.0000000000e+00	0.0000000000e+00
9.3809202235e+04	2.8688903182e-14	0.0000000000e+00	0.0000000000e+00	0.0000000000e+00
9.3811389620e+04	2.8523474497e-14	0.0000000000e+00	0.0000000000e+00	0.0000000000e+00
9.3813602333e+04	2.8352730640e-14	0.0000000000e+00	0.0000000000e+00	0.0000000000e+00
9.3815840669e+04	2.8175971896e-14	0.0000000000e+00	0.0000000000e+00	0.0000000000e+00
9.3818104923e+04	2.8462980824e-14	0.0000000000e+00	0.0000000000e+00	0.0000000000e+00
9.3820395396e+04	2.8290031400e-14	0.0000000000e+00	0.0000000000e+00	0.0000000000e+00
9.3822712391e+04	2.8560102299e-14	0.0000000000e+00	0.0000000000e+00	0.0000000000e+00
9.3825056216e+04	2.8392282813e-14	0.0000000000e+00	0.0000000000e+00	0.0000000000e+00
9.3827427182e+04	2.8648554425e-14	0.0000000000e+00	0.0000000000e+00	0.0000000000e+00
9.3829825601e+04	2.8486642326e-14	0.0000000000e+00	0.0000000000e+00	0.0000000000e+00
9.3832251794e+04	2.8321050001e-14	0.0000000000e+00	0.0000000000e+00	0.0000000000e+00
9.3834706080e+04	2.8574534850e-14	0.0000000000e+00	0.0000000000e+00	0.0000000000e+00
9.3837188785e+04	2.8414047874e-14	0.0000000000e+00	0.0000000000e+00	0.0000000000e+00
9.3839700239e+04	2.8248335665e-14	0.0000000000e+00	0.0000000000e+00	0.0000000000e+00
9.3842240774e+04	2.8076879445e-14	0.0000000000e+00	0.0000000000e+00	0.0000000000e+00
9.3844810727e+04	2.8333554010e-14	0.0000000000e+00	0.0000000000e+00	0.0000000000e+00
9.3847410439e+04	2.8164086851e-14	0.0000000000e+00	0.0000000000e+00	0.0000000000e+00
9.3850040253e+04	2.7989007247e-14	0.0000000000e+00	0.0000000000e+00	0.0000000000e+00
9.3852700520e+04	2.8238916188e-14	0.0000000000e+00	0.0000000000e+00	0.0000000000e+00
9.3855391591e+04	2.8066793559e-14	0.0000000000e+00	0.0000000000e+00	0.0000000000e+00
9.3858113824e+04	2.8305142823e-14	0.0000000000e+00	0.0000000000e+00	0.0000000000e+00
9.3860867578e+04	2.8137776581e-14	0.0000000000e+00	0.0000000000e+00	0.0000000000e+00
9.3863653219e+04	2.8366517638e-14	0.0000000000e+00	0.0000000000e+00	0.0000000000e+00
9.3866471117e+04	2.8204323737e-14	0.0000000000e+00	0.0000000000e+00	0.0000000000e+00
9.3869321644e+04	2.8037625446e-14	0.0000000000e+00	0.0000000000e+00	0.0000000000e+00
9.3872205179e+04	2.7867236224e-14	0.0000000000e+00	0.0000000000e+00	0.0000000000e+00
9.3875122103e+04	2.8100700714e-14	0.0000000000e+00	0.0000000000e+00	0.0000000000e+00
9.3878072804e+04	2.7931135163e-14	0.0000000000e+00	0.0000000000e+00	0.0000000000e+00
9.3881057672e+04	2.7758065389e-14	0.0000000000e+00	0.0000000000e+00	0.0000000000e+00
9.3884077104e+04	2.7983554926e-14	0.0000000000e+00	0.0000000000e+00	0.0000000000e+00
9.3887131499e+04	2.7810670803e-14	0.0000000000e+00	0.0000000000e+00	0.0000000000e+00
9.3890221262e+04	2.8026839657e-14	0.0000000000e+00	0.0000000000e+00	0.0000000000e+00
9.3893346803e+04	2.7856257122e-14	0.0000000000e+00	0.0000000000e+00	0.0000000000e+00
9.3896508536e+04	2.8065470987e-14	0.0000000000e+00	0.0000000000e+00	0.0000000000e+00
9.3899706880e+04	2.7898629377e-14	0.0000000000e+00	0.0000000000e+00	0.0000000000e+00
9.3902942259e+04	2.7730706358e-14	0.0000000000e+00	0.0000000000e+00	0.0000000000e+00
9.3906215102e+04	2.7563198504e-14	0.0000000000e+00	0.0000000000e+00	0.0000000000e+00
9.3909525843e+04	2.7771026493e-14	0.0000000000e+00	0.0000000000e+00	0.0000000000e+00
9.3912874921e+04	2.7603380526e-14	0.0000000000e+00	0.0000000000e+00	0.0000000000e+00
9.3916262779e+04	2.7802190699e-14	0.0000000000e+00	0.0000000000e+00	0.0000000000e+00
9.3919689866e+04	2.7633405903e-14	0.0000000000e+00	0.0000000000e+00	0.0000000000e+00
9.3923156637e+04	2.7823702604e-14	0.0000000000e+00	0.0000000000e+00	0.0000000000e+00
9.3926663552e+04	2.7655294737e-14	0.0000000000e+00	0.0000000000e+00	0.0000000000e+00
9.3930211075e+04	2.7839583414e-14	0.0000000000e+00	0.0000000000e+00	0.0000000000e+00
9.3933799676e+04	2.7673822019e-14	0.0000000000e+00	0.0000000000e+00	0.0000000000e+00
9.3937429831e+04	2.7509889387e-14	0.0000000000e+00	0.0000000000e+00	0.0000000000e+00
9.3941102021e+04	2.7348148414e-14	0.0000000000e+00	0.0000000000e+00	0.0000000000e+00
9.3944816734e+04	2.7528810266e-14	0.0000000000e+00	0.0000000000e+00	0.0000000000e+00
9.3948574460e+04	2.7703512948e-14	0.0000000000e+00	0.0000000000e+00	0.0000000000e+00
9.3952375699e+04	2.7540977231e-14	0.0000000000e+00	0.0000000000e+00	0.0000000000e+00
9.3956220955e+04	2.7708014895e-14	0.0000000000e+00	0.0000000000e+00	0.0000000000e+00
9.3960110736e+04	2.7544856737e-14	0.0000000000e+00	0.0000000000e+00	0.0000000000e+00
9.3964045559e+04	2.7705676545e-14	0.0000000000e+00	0.0000000000e+00	0.0000000000e+00
9.3968025945e+04	2.7544158015e-14	0.0000000000e+00	0.0000000000e+00	0.0000000000e+00
9.3972052422e+04	2.7385074631e-14	0.0000000000e+00	0.0000000000e+00	0.0000000000e+00
9.3976125523e+04	2.7227841156e-14	0.0000000000e+00	0.0000000000e+00	0.0000000000e+00
9.3980245788e+04	2.7386772308e-14	0.0000000000e+00	0.0000000000e+00	0.0000000000e+00
9.3984413764e+04	2.7231195404e-14	0.0000000000e+00	0.0000000000e+00	0.0000000000e+00
9.3988630002e+04	2.7384571793e-14	0.0000000000e+00	0.0000000000e+00	0.0000000000e+00
9.3992895063e+04	2.7531676795e-14	0.0000000000e+00	0.0000000000e+00	0.0000000000e+00
9.3997209510e+04	2.7375112576e-14	0.0000000000e+00	0.0000000000e+00	0.0000000000e+00
9.4001573917e+04	2.7516258856e-14	0.0000000000e+00	0.0000000000e+00	0.0000000000e+00
9.4005988861e+04	2.7360673220e-14	0.0000000000e+00	0.0000000000e+00	0.0000000000e+00
9.4010454927e+04	2.7205977194e-14	0.0000000000e+00	0.0000000000e+00	0.0000000000e+00
9.4014972708e+04	2.7050328024e-14	0.0000000000e+00	0.0000000000e+00	0.0000000000e+00
9.4019542803e+04	2.7193148148e-14	0.0000000000e+00	0.0000000000e+00	0.0000000000e+00
9.4024165817e+04	2.7329187292e-14	0.0000000000e+00	0.0000000000e+00	0.0000000000e+00
9.4028842362e+04	2.7176500940e-14	0.0000000000e+00	0.0000000000e+00	0.0000000000e+00
9.4033573060e+04	2.7306875082e-14	0.0000000000e+00	0.0000000000e+00	0.0000000000e+00
9.4038358537e+04	2.7152701618e-14	0.0000000000e+00	0.0000000000e+00	0.0000000000e+00
9.4043199426e+04	2.7278301295e-14	0.0000000000e+00	0.0000000000e+00	0.0000000000e+00
9.4048096371e+04	2.7124565247e-14	0.0000000000e+00	0.0000000000e+00	0.0000000000e+00
9.4053050019e+04	2.6968154508e-14	0.0000000000e+00	0.0000000000e+00	0.0000000000e+00
9.4058061028e+04	2.7096130118e-14	0.0000000000e+00	0.0000000000e+00	0.0000000000e+00
9.4063130062e+04	2.6940477681e-14	0.0000000000e+00	0.0000000000e+00	0.0000000000e+00
9.4068257793e+04	2.7065370270e-14	0.0000000000e+00	0.0000000000e+00	0.0000000000e+00
9.4073444899e+04	2.7182662311e-14	0.0000000000e+00	0.0000000000e+00	0.0000000000e+00
9.4078692070e+04	2.7028263522e-14	0.0000000000e+00	0.0000000000e+00	0.0000000000e+00
9.4084000000e+04	2.7141755229e-14	0.0000000000e+00	0.0000000000e+00	0.0000000000e+00
9.4089369393e+04	2.6986895144e-14	0.0000000000e+00	0.0000000000e+00	0.0000000000e+00
9.4094800961e+04	2.6828343275e-14	0.0000000000e+00	0.0000000000e+00	0.0000000000e+00
9.4100295423e+04	2.6945524546e-14	0.0000000000e+00	0.0000000000e+00	0.0000000000e+00
9.4105853508e+04	2.7056916673e-14	0.0000000000e+00	0.0000000000e+00	0.0000000000e+00
9.4111475952e+04	2.6901995522e-14	0.0000000000e+00	0.0000000000e+00	0.0000000000e+00
9.4117163502e+04	2.7009885404e-14	0.0000000000e+00	0.0000000000e+00	0.0000000000e+00
9.4122916910e+04	2.7111270247e-14	0.0000000000e+00	0.0000000000e+00	0.0000000000e+00
9.4128736940e+04	2.6957290947e-14	0.0000000000e+00	0.0000000000e+00	0.0000000000e+00
9.4134624362e+04	2.6799409643e-14	0.0000000000e+00	0.0000000000e+00	0.0000000000e+00
9.4140579957e+04	2.6903864960e-14	0.0000000000e+00	0.0000000000e+00	0.0000000000e+00
9.4146604515e+04	2.6746893228e-14	0.0000000000e+00	0.0000000000e+00	0.0000000000e+00
9.4152698834e+04	2.6849516783e-14	0.0000000000e+00	0.0000000000e+00	0.0000000000e+00
9.4158863722e+04	2.6946700096e-14	0.0000000000e+00	0.0000000000e+00	0.0000000000e+00
9.4165099996e+04	2.6789496011e-14	0.0000000000e+00	0.0000000000e+00	0.0000000000e+00
9.4171408483e+04	2.6883367588e-14	0.0000000000e+00	0.0000000000e+00	0.0000000000e+00
9.4177790018e+04	2.6725586167e-14	0.0000000000e+00	0.0000000000e+00	0.0000000000e+00
9.4184245448e+04	2.6568191515e-14	0.0000000000e+00	0.0000000000e+00	0.0000000000e+00
9.4190775629e+04	2.6662426435e-14	0.0000000000e+00	0.0000000000e+00	0.0000000000e+00
9.4197381425e+04	2.6753578097e-14	0.0000000000e+00	0.0000000000e+00	0.0000000000e+00
9.4204063713e+04	2.6597098202e-14	0.0000000000e+00	0.0000000000e+00	0.0000000000e+00
9.4210823379e+04	2.6683703333e-14	0.0000000000e+00	0.0000000000e+00	0.0000000000e+00
9.4217661317e+04	2.6767159384e-14	0.0000000000e+00	0.0000000000e+00	0.0000000000e+00
9.4224578435e+04	2.6611127450e-14	0.0000000000e+00	0.0000000000e+00	0.0000000000e+00
9.4231575650e+04	2.6458010817e-14	0.0000000000e+00	0.0000000000e+00	0.0000000000e+00
9.4238653888e+04	2.6540339600e-14	0.0000000000e+00	0.0000000000e+00	0.0000000000e+00
9.4245814089e+04	2.6620094280e-14	0.0000000000e+00	0.0000000000e+00	0.0000000000e+00
9.4253057200e+04	2.6467705781e-14	0.0000000000e+00	0.0000000000e+00	0.0000000000e+00
9.4260384183e+04	2.6542925195e-14	0.0000000000e+00	0.0000000000e+00	0.0000000000e+00
9.4267796009e+04	2.6616087473e-14	0.0000000000e+00	0.0000000000e+00	0.0000000000e+00
9.4275293659e+04	2.6465366808e-14	0.0000000000e+00	0.0000000000e+00	0.0000000000e+00
9.4282878129e+04	2.6317690251e-14	0.0000000000e+00	0.0000000000e+00	0.0000000000e+00
9.4290550422e+04	2.6389584888e-14	0.0000000000e+00	0.0000000000e+00	0.0000000000e+00
9.4298311556e+04	2.6458286049e-14	0.0000000000e+00	0.0000000000e+00	0.0000000000e+00
9.4306162560e+04	2.6523995857e-14	0.0000000000e+00	0.0000000000e+00	0.0000000000e+00
9.4314104474e+04	2.6587598797e-14	0.0000000000e+00	0.0000000000e+00	0.0000000000e+00
9.4322138351e+04	2.6439947048e-14	0.0000000000e+00	0.0000000000e+00	0.0000000000e+00
9.4330265256e+04	2.6294641533e-14	0.0000000000e+00	0.0000000000e+00	0.0000000000e+00
9.4338486266e+04	2.6357580221e-14	0.0000000000e+00	0.0000000000e+00	0.0000000000e+00
9.4346802471e+04	2.6417366027e-14	0.0000000000e+00	0.0000000000e+00	0.0000000000e+00
9.4355214973e+04	2.6271615119e-14	0.0000000000e+00	0.0000000000e+00	0.0000000000e+00
9.4363724888e+04	2.6329162956e-14	0.0000000000e+00	0.0000000000e+00	0.0000000000e+00
9.4372333342e+04	2.6385007329e-14	0.0000000000e+00	0.0000000000e+00	0.0000000000e+00
9.4381041478e+04	2.6241244119e-14	0.0000000000e+00	0.0000000000e+00	0.0000000000e+00
9.4389850449e+04	2.6296630905e-14	0.0000000000e+00	0.0000000000e+00	0.0000000000e+00
9.4398761423e+04	2.6348708584e-14	0.0000000000e+00	0.0000000000e+00	0.0000000000e+00
9.4407775582e+04	2.6203328128e-14	0.0000000000e+00	0.0000000000e+00	0.0000000000e+00
9.4416894119e+04	2.6254508647e-14	0.0000000000e+00	0.0000000000e+00	0.0000000000e+00
9.4426118244e+04	2.6304047186e-14	0.0000000000e+00	0.0000000000e+00	0.0000000000e+00
9.4435449180e+04	2.6159341909e-14	0.0000000000e+00	0.0000000000e+00	0.0000000000e+00
9.4444888162e+04	2.6208381089e-14	0.0000000000e+00	0.0000000000e+00	0.0000000000e+00
9.4454436443e+04	2.6254076574e-14	0.0000000000e+00	0.0000000000e+00	0.0000000000e+00
9.4464095288e+04	2.6106099938e-14	0.0000000000e+00	0.0000000000e+00	0.0000000000e+00
9.4473865977e+04	2.6152376628e-14	0.0000000000e+00	0.0000000000e+00	0.0000000000e+00
9.4483749805e+04	2.6196937835e-14	0.0000000000e+00	0.0000000000e+00	0.0000000000e+00
9.4493748083e+04	2.6047805296e-14	0.0000000000e+00	0.0000000000e+00	0.0000000000e+00
9.4503862135e+04	2.6091059607e-14	0.0000000000e+00	0.0000000000e+00	0.0000000000e+00
9.4514093302e+04	2.6131745159e-14	0.0000000000e+00	0.0000000000e+00	0.0000000000e+00
9.4524442941e+04	2.6170932668e-14	0.0000000000e+00	0.0000000000e+00	0.0000000000e+00
9.4534912423e+04	2.6021520226e-14	0.0000000000e+00	0.0000000000e+00	0.0000000000e+00
9.4545503135e+04	2.6061140718e-14	0.0000000000e+00	0.0000000000e+00	0.0000000000e+00
9.4556216483e+04	2.5907422436e-14	0.0000000000e+00	0.0000000000e+00	0.0000000000e+00
9.4567053885e+04	2.5944959190e-14	0.0000000000e+00	0.0000000000e+00	0.0000000000e+00
9.4578016778e+04	2.5981394578e-14	0.0000000000e+00	0.0000000000e+00	0.0000000000e+00
9.4589106616e+04	2.6016833186e-14	0.0000000000e+00	0.0000000000e+00	0.0000000000e+00
9.4600324868e+04	2.6050288932e-14	0.0000000000e+00	0.0000000000e+00	0.0000000000e+00
9.4611673021e+04	2.5897863728e-14	0.0000000000e+00	0.0000000000e+00	0.0000000000e+00
9.4623152579e+04	2.5929322207e-14	0.0000000000e+00	0.0000000000e+00	0.0000000000e+00
9.4634765065e+04	2.5959971198e-14	0.0000000000e+00	0.0000000000e+00	0.0000000000e+00
9.4646512017e+04	2.5989645770e-14	0.0000000000e+00	0.0000000000e+00	0.0000000000e+00
9.4658394992e+04	2.6017309633e-14	0.0000000000e+00	0.0000000000e+00	0.0000000000e+00
9.4670415565e+04	2.5866336965e-14	0.0000000000e+00	0.0000000000e+00	0.0000000000e+00
9.4682575331e+04	2.5717424496e-14	0.0000000000e+00	0.0000000000e+00	0.0000000000e+00
9.4694875899e+04	2.5744221300e-14	0.0000000000e+00	0.0000000000e+00	0.0000000000e+00
9.4707318902e+04	2.5769753392e-14	0.0000000000e+00	0.0000000000e+00	0.0000000000e+00
9.4719905987e+04	2.5793186843e-14	0.0000000000e+00	0.0000000000e+00	0.0000000000e+00
9.4732638825e+04	2.5814937168e-14	0.0000000000e+00	0.0000000000e+00	0.0000000000e+00
9.4745519101e+04	2.5669073465e-14	0.0000000000e+00	0.0000000000e+00	0.0000000000e+00
9.4758548524e+04	2.5690799236e-14	0.0000000000e+00	0.0000000000e+00	0.0000000000e+00
9.4771728821e+04	2.5710869654e-14	0.0000000000e+00	0.0000000000e+00	0.0000000000e+00
9.4785061738e+04	2.5729212495e-14	0.0000000000e+00	0.0000000000e+00	0.0000000000e+00
9.4798549044e+04	2.5746677894e-14	0.0000000000e+00	0.0000000000e+00	0.0000000000e+00
9.4812192524e+04	2.5602833825e-14	0.0000000000e+00	0.0000000000e+00	0.0000000000e+00
9.4825993989e+04	2.5619450688e-14	0.0000000000e+00	0.0000000000e+00	0.0000000000e+00
9.4839955268e+04	2.5634281527e-14	0.0000000000e+00	0.0000000000e+00	0.0000000000e+00
9.4854078210e+04	2.5648365624e-14	0.0000000000e+00	0.0000000000e+00	0.0000000000e+00
9.4868364689e+04	2.5662108642e-14	0.0000000000e+00	0.0000000000e+00	0.0000000000e+00
9.4882816597e+04	2.5674523588e-14	0.0000000000e+00	0.0000000000e+00	0.0000000000e+00
9.4897435850e+04	2.5685071788e-14	0.0000000000e+00	0.0000000000e+00	0.0000000000e+00
9.4912224386e+04	2.5694637655e-14	0.0000000000e+00	0.0000000000e+00	0.0000000000e+00
9.4927184165e+04	2.5703771599e-14	0.0000000000e+00	0.0000000000e+00	0.0000000000e+00
9.4942317171e+04	2.5560030046e-14	0.0000000000e+00	0.0000000000e+00	0.0000000000e+00
9.4957625408e+04	2.5567685959e-14	0.0000000000e+00	0.0000000000e+00	0.0000000000e+00
9.4973110906e+04	2.5574633688e-14	0.0000000000e+00	0.0000000000e+00	0.0000000000e+00
9.4988775718e+04	2.5581123392e-14	0.0000000000e+00	0.0000000000e+00	0.0000000000e+00
9.5004621920e+04	2.5586195262e-14	0.0000000000e+00	0.0000000000e+00	0.0000000000e+00
9.5020651613e+04	2.5438990951e-14	0.0000000000e+00	0.0000000000e+00	0.0000000000e+00
9.5036866920e+04	2.5443115913e-14	0.0000000000e+00	0.0000000000e+00	0.0000000000e+00
9.5053269992e+04	2.5446702539e-14	0.0000000000e+00	0.0000000000e+00	0.0000000000e+00
9.5069863003e+04	2.5448849181e-14	0.0000000000e+00	0.0000000000e+00	0.0000000000e+00
9.5086648151e+04	2.5449828617e-14	0.0000000000e+00	0.0000000000e+00	0.0000000000e+00
9.5103627662e+04	2.5450487958e-14	0.0000000000e+00	0.0000000000e+00	0.0000000000e+00
9.5104420000e+04	0.0000000000e+00	0.0000000000e+00	0.0000000000e+00	0.0000000000e+00
9.5120803787e+04	2.5450304753e-14	5.1397975859e-21	5.6120717940e-23	3.7462898130e-14
9.5121605300e+04	2.5443516209e-14	5.4187285909e-21	6.2027673260e-23	3.7266397708e-14
9.5138178802e+04	2.5448609416e-14	7.5660313932e-21	1.6827440803e-22	3.5171856728e-14
9.5138989596e+04	2.5441815666e-14	7.3728916776e-21	1.6782750417e-22	3.5098796514e-14
9.5155755010e+04	2.5446171321e-14	3.7432828392e-21	1.2514952367e-22	3.4045961014e-14
9.5156575192e+04	2.5439420940e-14	3.6732905521e-21	1.2470498546e-22	3.4001293496e-14
9.5173534741e+04	2.5301782734e-14	1.8124102731e-21	8.0647350949e-23	3.3338651314e-14
9.5174364421e+04	2.5295139820e-14	1.7327654065e-21	7.7987289978e-23	3.3306926739e-14
9.5191520352e+04	2.5299145151e-14	3.2276416943e-21	1.7892380747e-22	3.2822204605e-14
9.5192359639e+04	2.5432773313e-14	3.3880692376e-21	1.8952562423e-22	3.2801891677e-14
9.5209714226e+04	2.5434448855e-14	4.4257671783e-21	2.9319463911e-22	3.2395364584e-14
9.5210563231e+04	2.5427736949e-14	4.3454775156e-21	2.9004193515e-22	3.2380612587e-14
9.5228118776e+04	2.5429090632e-14	2.2444497816e-21	1.7267847222e-22	3.2071617006e-14
9.5228977612e+04	2.5422424757e-14	2.1895559931e-21	1.6953419571e-22	3.2057039303e-14
9.5246736440e+04	2.5286477529e-14	2.3845134887e-21	2.0864969663e-22	3.1813896471e-14
9.5247605220e+04	2.5279898037e-14	2.4073724750e-21	2.1182268344e-22	3.1801782040e-14
9.5265569686e+04	2.5280403111e-14	2.0630784449e-21	2.0207291618e-22	3.1569545822e-14
9.5266448527e+04	2.5273827350e-14	2.0332331104e-21	2.0012882203e-22	3.1560684029e-14
9.5284621011e+04	2.5273774288e-14	2.0730848876e-21	2.2445909777e-22	3.1368285249e-14
9.5285510028e+04	2.5267240530e-14	2.0962104004e-21	2.2796091452e-22	3.1358457077e-14
9.5303892940e+04	2.5399707764e-14	2.2580453994e-21	2.6753435685e-22	3.1189402385e-14
9.5304792252e+04	2.5393130361e-14	2.2439858760e-21	2.6692464890e-22	3.1181605015e-14
9.5323388027e+04	2.5258604836e-14	1.7143167784e-21	2.2041172111e-22	3.1013384434e-14
9.5324297753e+04	2.5252062673e-14	1.6879227554e-21	2.1780349279e-22	3.1006205958e-14
9.5343108857e+04	2.5249606014e-14	1.4534386676e-21	2.0136860412e-22	3.0871240823e-14
9.5344029117e+04	2.5243089366e-14	1.4584453009e-21	2.0273300892e-22	3.0864175236e-14
9.5363058044e+04	2.5240405775e-14	1.6504979602e-21	2.4494597232e-22	3.0730315033e-14
9.5363988959e+04	2.5233900806e-14	1.6552720535e-21	2.4640704519e-22	3.0724953432e-14
9.5383238231e+04	2.5230215365e-14	1.5596255761e-21	2.4666323310e-22	3.0608853449e-14
9.5384179926e+04	2.5352487792e-14	1.5500244338e-21	2.4584140577e-22	3.0602723876e-14
9.5403652093e+04	2.5218913555e-14	1.4343729326e-21	2.4067620569e-22	3.0494255580e-14
9.5404604693e+04	2.5212369920e-14	1.4343880252e-21	2.4131603214e-22	3.0489667070e-14
9.5424302337e+04	2.5207343097e-14	1.4712161740e-21	2.6087331414e-22	3.0385141931e-14
9.5425265967e+04	2.5200805229e-14	1.4709884458e-21	2.6147900808e-22	3.0379917539e-14
9.5445191700e+04	2.5194991688e-14	1.3722420557e-21	2.5624603257e-22	3.0287523697e-14
9.5446166488e+04	2.5188406635e-14	1.3643561473e-21	2.5536583585e-22	3.0283277460e-14
9.5466322950e+04	2.5181383784e-14	1.1971975623e-21	2.3470419444e-22	3.0188777934e-14
9.5467309026e+04	2.5301130946e-14	1.1894026465e-21	2.3368655023e-22	3.0184350346e-14
9.5487698888e+04	2.5167387726e-14	1.1065431293e-21	2.2711517233e-22	3.0103611881e-14
9.5488696382e+04	2.5160771033e-14	1.1096019773e-21	2.2821379744e-22	3.0099666348e-14
9.5509322348e+04	2.5152785634e-14	1.4234318834e-21	3.0510539625e-22	3.0015515922e-14
9.5510331393e+04	2.5146118385e-14	1.4528403839e-21	3.1201834307e-22	3.0011757331e-14
9.5531196196e+04	2.5136872810e-14	2.2923016523e-21	5.1195861994e-22	2.9940539825e-14
9.5532216925e+04	2.5130160979e-14	2.3362547278e-21	5.2274373164e-22	2.9936932173e-14
9.5553323331e+04	2.5245837982e-14	2.9114062974e-21	6.7611185244e-22	2.9862698440e-14
9.5554355879e+04	2.5239367092e-14	2.9180676083e-21	6.7885490233e-22	2.9859450536e-14
9.5575706686e+04	2.5103449064e-14	2.6459032508e-21	6.3770824978e-22	2.9794895766e-14
9.5576751191e+04	2.5096695455e-14	2.6180447234e-21	6.3205470581e-22	2.9791544354e-14
9.5598349229e+04	2.5085261601e-14	2.0837773490e-21	5.2033009280e-22	2.9724593635e-14
9.5599405828e+04	2.5078475677e-14	2.0676594075e-21	5.1713359095e-22	2.9721694699e-14
9.5621253959e+04	2.5191806156e-14	1.9535505045e-21	5.0458994179e-22	2.9662217376e-14
9.5622322793e+04	2.5185226874e-14	1.9555782208e-21	5.0588805805e-22	2.9659114026e-14
9.5644423914e+04	2.5172549509e-14	2.0844565869e-21	5.5609970706e-22	2.9598559238e-14
9.5645505125e+04	2.5165919431e-14	2.0917203319e-21	5.5885635621e-22	2.9595940098e-14
9.5667862164e+04	2.5027395764e-14	2.1543672582e-21	5.9283247754e-22	2.9540867890e-14
9.5668955895e+04	2.5020609796e-14	2.1519699271e-21	5.9300552691e-22	2.9537996980e-14
9.5691571817e+04	2.5006822305e-14	1.9856718382e-21	5.6288644393e-22	2.9482829638e-14
9.5692678212e+04	2.5124223307e-14	1.9737223294e-21	5.6025408961e-22	2.9480426526e-14
9.5715556014e+04	2.5109383168e-14	1.7635200567e-21	5.1437657782e-22	2.9428856981e-14
9.5716675221e+04	2.5102674073e-14	1.7576757203e-21	5.1333660379e-22	2.9426174508e-14
9.5739817935e+04	2.5086796141e-14	1.7730578179e-21	5.3153467486e-22	2.9374979450e-14
9.5740950102e+04	2.5080072105e-14	1.7802079816e-21	5.3434367447e-22	2.9372723300e-14
9.5764360796e+04	2.5063865400e-14	2.0373630422e-21	6.2709928311e-22	2.9324064628e-14
9.5765506073e+04	2.5057176653e-14	2.0548911188e-21	6.3325380095e-22	2.9321572151e-14
9.5789187850e+04	2.5040623245e-14	2.4940946535e-21	7.8744312844e-22	2.9274398283e-14
9.5790346388e+04	2.5033939972e-14	2.5177958913e-21	7.9584595578e-22	2.9272293822e-14
9.5814302388e+04	2.5016472570e-14	2.9686410962e-21	9.6052130191e-22	2.9226837648e-14
9.5815474341e+04	2.5009811169e-14	2.9861201097e-21	9.6725514107e-22	2.9224551481e-14
9.5839707738e+04	2.4992189774e-14	3.1528702759e-21	1.0445430166e-21	2.9181517612e-14
9.5840893262e+04	2.4985586115e-14	3.1498988383e-21	1.0446831088e-21	2.9179560105e-14
9.5865407268e+04	2.4967621974e-14	2.8753366329e-21	9.7460580212e-22	2.9136917610e-14
9.5866606520e+04	2.4961032932e-14	2.8540989510e-21	9.6841447412e-22	2.9134800429e-14
9.5891404385e+04	2.4942317505e-14	2.4107517152e-21	8.3537505767e-22	2.9095001330e-14
9.5892617524e+04	2.5051763368e-14	2.3936096948e-21	8.3027007202e-22	2.9093154411e-14
9.5917702535e+04	2.5031992943e-14	2.2796423486e-21	8.0699541311e-22	2.9052887253e-14
9.5918929720e+04	2.5025433631e-14	2.2882700198e-21	8.1083880436e-22	2.9050924096e-14
9.5944305202e+04	2.4890909481e-14	2.8014867404e-21	1.0124449185e-21	2.9014024946e-14
9.5945546598e+04	2.4884342329e-14	2.8414338696e-21	1.0278503822e-21	2.9012276988e-14
9.5971215914e+04	2.4977681052e-14	3.8326207396e-21	1.4131088134e-21	2.8974234823e-14
9.5972471685e+04	2.4971168955e-14	3.8864717887e-21	1.4342738695e-21	2.8972411599e-14
9.5998438238e+04	2.4950219253e-14	5.1381140186e-21	1.9315814223e-21	2.8937888692e-14
9.5999708549e+04	2.4943725476e-14	5.2074911797e-21	1.9593975255e-21	2.8936214960e-14
9.6025975781e+04	2.4922029023e-14	6.7569041320e-21	2.5884053502e-21	2.8900073204e-14
9.6027260802e+04	2.4915506274e-14	6.8359435494e-21	2.6209349238e-21	2.8898372118e-14
9.6053832193e+04	2.4893231617e-14	8.5303094917e-21	3.3279937145e-21	2.8865719251e-14
9.6055132094e+04	2.4886695400e-14	8.6163951417e-21	3.3643843816e-21	2.8864101555e-14
9.6082011168e+04	2.4863930113e-14	1.0436922957e-20	4.1446957041e-21	2.8829735077e-14
9.6083326121e+04	2.4968064273e-14	1.0529508703e-20	4.1848522975e-21	2.8828147869e-14
9.6110516440e+04	2.4944211057e-14	1.2734008571e-20	5.1447900200e-21	2.8797075923e-14
9.6111846619e+04	2.4937726562e-14	1.2861366486e-20	5.2003373561e-21	2.8795509704e-14
9.6139351787e+04	2.4802291645e-14	1.5902769698e-20	6.5335226325e-21	2.8763001052e-14
9.6140697369e+04	2.4795581910e-14	1.6068587549e-20	6.6067017204e-21	2.8761523332e-14
9.6168521032e+04	2.4882157294e-14	1.9812165649e-20	8.2732799270e-21	2.8731895959e-14
9.6169882196e+04	2.4875566999e-14	2.0012533305e-20	8.3631732726e-21	2.8730392281e-14
9.6198028041e+04	2.4849595398e-14	2.4817699055e-20	1.0528975444e-20	2.8700167632e-14
9.6199404966e+04	2.4842941838e-14	2.5099702714e-20	1.0656331357e-20	2.8698809399e-14
9.6227876725e+04	2.4816488982e-14	3.2320053686e-20	1.3924875658e-20	2.8670716389e-14
9.6229269594e+04	2.4809775721e-14	3.2739661228e-20	1.4115608983e-20	2.8669282874e-14
9.6258071040e+04	2.4782249626e-14	4.2529762432e-20	1.8600744312e-20	2.8640892693e-14
9.6259480038e+04	2.4775474759e-14	4.3061733763e-20	1.8846341334e-20	2.8639592134e-14
9.6288614989e+04	2.4857443169e-14	5.5478907148e-20	2.4621472399e-20	2.8612172742e-14
9.6290040303e+04	2.4850791512e-14	5.6170560212e-20	2.4945106657e-20	2.8610816114e-14
9.6319512621e+04	2.4822255691e-14	7.2929236481e-20	3.2830232196e-20	2.8584675311e-14
9.6320954438e+04	2.4815528639e-14	7.3882653810e-20	3.3281115672e-20	2.8583440777e-14
9.6350768030e+04	2.4785918969e-14	9.6152521899e-20	4.3889730598e-20	2.8556521896e-14
9.6352226543e+04	2.4779162503e-14	9.7345225015e-20	4.4462399257e-20	2.8555206741e-14
9.6382385360e+04	2.4749350237e-14	1.2373623307e-19	5.7250446311e-20	2.8530096719e-14
9.6383860761e+04	2.4850657362e-14	1.2512045777e-19	5.7926793570e-20	2.8528895354e-14
9.6414368801e+04	2.4819845664e-14	1.5619189339e-19	7.3227754224e-20	2.8503402830e-14
9.6415861287e+04	2.4813106899e-14	1.5784031606e-19	7.4045347591e-20	2.8502197101e-14
9.6446722593e+04	2.4781728305e-14	1.9485341312e-19	9.2538264549e-20	2.8478132428e-14
9.6448232361e+04	2.4775010611e-14	1.9680490397e-19	9.3520222153e-20	2.8476925891e-14
9.6479451024e+04	2.4743532812e-14	2.3910469772e-19	1.1499090973e-19	2.8452390444e-14
9.6480978274e+04	2.4736849775e-14	2.4123343208e-19	1.1608151813e-19	2.8451273375e-14
9.6512558432e+04	2.4809813070e-14	2.8599530964e-19	1.3924101057e-19	2.8428216496e-14
9.6514103367e+04	2.4803095834e-14	2.8823050707e-19	1.4040821031e-19	2.8427046291e-14
9.6546049206e+04	2.4666814567e-14	3.3563113408e-19	1.6537837365e-19	2.8403844880e-14
9.6547612031e+04	2.4660301085e-14	3.3800417153e-19	1.6663919721e-19	2.8402769738e-14
9.6579927785e+04	2.4730379806e-14	3.8780675093e-19	1.9333913645e-19	2.8379869982e-14
9.6581508707e+04	2.4723773531e-14	3.9026300787e-19	1.9466817057e-19	2.8378738609e-14
9.6614198660e+04	2.4792687078e-14	4.4077499598e-19	2.2227628867e-19	2.8356801671e-14
9.6615797888e+04	2.4786035338e-14	4.4321610730e-19	2.2362460237e-19	2.8355754651e-14
9.6648866373e+04	2.4651469667e-14	4.9251704657e-19	2.5116377600e-19	2.8333567377e-14
9.6650484118e+04	2.4645015173e-14	4.9486185621e-19	2.5248900052e-19	2.8332512080e-14
9.6683935518e+04	2.4710779759e-14	5.4203046861e-19	2.7945410982e-19	2.8311517610e-14
9.6685571997e+04	2.4704284648e-14	5.4428415012e-19	2.8075680452e-19	2.8310475111e-14
9.6719410746e+04	2.4670304833e-14	5.8988205088e-19	3.0739593755e-19	2.8289230703e-14
9.6721066174e+04	2.4663876001e-14	5.9205590942e-19	3.0868013483e-19	2.8288248051e-14
9.6755296757e+04	2.4629487989e-14	6.3560028433e-19	3.3470456828e-19	2.8267865460e-14
9.6756971354e+04	2.4623064880e-14	6.3766534663e-19	3.3595318508e-19	2.8266847741e-14
9.6791598308e+04	2.4685324655e-14	6.7938612199e-19	3.6144361602e-19	2.8246791345e-14
9.6793292296e+04	2.4678920643e-14	6.8139248588e-19	3.6268127522e-19	2.8245846682e-14
9.6828320212e+04	2.4643487470e-14	7.2278387859e-19	3.8840381271e-19	2.8225866177e-14
9.6830033815e+04	2.4637071418e-14	7.2482313108e-19	3.8967867140e-19	2.8224902649e-14
9.6865467335e+04	2.4601102418e-14	7.6819115209e-19	4.1687248812e-19	2.8205912506e-14
9.6867200781e+04	2.4594655189e-14	7.7039981699e-19	4.1825915936e-19	2.8204981276e-14
9.6903044602e+04	2.4653821264e-14	8.1899348261e-19	4.4872873323e-19	2.8185761903e-14
9.6904798120e+04	2.4647418845e-14	8.2154032294e-19	4.5032244448e-19	2.8184866394e-14
9.6941056993e+04	2.4610194623e-14	8.7880977172e-19	4.8605018073e-19	2.8166438672e-14
9.6942830816e+04	2.4603740493e-14	8.8186837751e-19	4.8795224284e-19	2.8165514874e-14
9.6979509547e+04	2.4565894252e-14	9.5202498495e-19	5.3141433207e-19	2.8147208473e-14
9.6981303910e+04	2.4559343088e-14	9.5584638021e-19	5.3377286650e-19	2.8146353960e-14
9.7018407360e+04	2.4615735425e-14	1.0449363211e-18	5.8856142518e-19	2.8128280915e-14
9.7020222501e+04	2.4609265515e-14	1.0498215301e-18	5.9155781118e-19	2.8127398029e-14
9.7057755589e+04	2.4570149836e-14	1.1626242156e-18	6.6066170109e-19	2.8109961048e-14
9.7059591748e+04	2.4657409281e-14	1.1687422100e-18	6.6440765052e-19	2.8109111447e-14
9.7097559449e+04	2.4523328975e-14	1.3090672296e-18	7.5034767315e-19	2.8091523888e-14
9.7099416869e+04	2.4516688375e-14	1.3166568272e-18	7.5499799143e-19	2.8090701054e-14
9.7137824215e+04	2.4570867623e-14	1.4916061706e-18	8.6226507316e-19	2.8073864184e-14
9.7139703144e+04	2.4564309744e-14	1.5011180968e-18	8.6810184415e-19	2.8073021814e-14
9.7178555226e+04	2.4616393012e-14	1.7180304123e-18	1.0014535696e-18	2.8056181219e-14
9.7180455912e+04	2.4609882986e-14	1.7295980235e-18	1.0085815618e-18	2.8055390173e-14
9.7219757880e+04	2.4474427957e-14	1.9888297621e-18	1.1688001562e-18	2.8038730208e-14
9.7221680574e+04	2.4561547917e-14	2.0025260871e-18	1.1772900547e-18	2.8037919217e-14
9.7261437638e+04	2.4519177481e-14	2.3084687544e-18	1.3675417726e-18	2.8021879775e-14
9.7263382596e+04	2.4512568726e-14	2.3246108119e-18	1.3776102136e-18	2.8021097228e-14
9.7303600024e+04	2.4561997250e-14	2.6852269842e-18	1.6032627007e-18	2.8004837188e-14
9.7305567504e+04	2.4555433416e-14	2.7041815858e-18	1.6151615973e-18	2.8004070480e-14
9.7346250629e+04	2.4512112850e-14	3.1215657869e-18	1.8781842509e-18	2.7988373960e-14
9.7348240891e+04	2.4505535256e-14	3.1431862441e-18	1.8918612619e-18	2.7987595181e-14
9.7389395103e+04	2.4552620928e-14	3.6154911817e-18	2.1918543073e-18	2.7972038431e-14
9.7391408412e+04	2.4546070484e-14	3.6398629257e-18	2.2073945967e-18	2.7971300571e-14
9.7433039168e+04	2.4501892684e-14	4.1708928388e-18	2.5473604629e-18	2.7955750279e-14
9.7435075789e+04	2.4495353192e-14	4.1981961078e-18	2.5649082943e-18	2.7954996314e-14
9.7477188607e+04	2.4450824603e-14	4.7906360499e-18	2.9472126329e-18	2.7939973184e-14
9.7479248811e+04	2.4444300536e-14	4.8209756214e-18	2.9668680160e-18	2.7939235228e-14
9.7521849272e+04	2.4488684274e-14	5.4748128277e-18	3.3922352034e-18	2.7924120521e-14
9.7523933332e+04	2.4482181124e-14	5.5080238597e-18	3.4139315936e-18	2.7923404610e-14
9.7567027083e+04	2.4436782899e-14	6.2181402909e-18	3.8798822421e-18	2.7908515744e-14
9.7569135276e+04	2.4430262847e-14	6.2540061213e-18	3.9035166942e-18	2.7907769249e-14
9.7612728029e+04	2.4472530423e-14	7.0201542060e-18	4.4105263843e-18	2.7893193051e-14
9.7614860633e+04	2.4466048119e-14	7.0588361407e-18	4.4362298380e-18	2.7892482478e-14
9.7658958167e+04	2.4506496624e-14	7.8812524833e-18	4.9850617306e-18	2.7877862678e-14
9.7661115465e+04	2.4500043397e-14	7.9225346200e-18	5.0127278790e-18	2.7877140913e-14
9.7705723624e+04	2.4453477009e-14	8.7964029194e-18	5.6009160613e-18	2.7862570253e-14
9.7707905903e+04	2.4446983581e-14	8.8400422108e-18	5.6304168808e-18	2.7861803833e-14
9.7753030600e+04	2.4399280125e-14	9.7581747753e-18	6.2538809442e-18	2.7846363222e-14
9.7755238149e+04	2.4392676008e-14	9.8038750637e-18	6.2850492588e-18	2.7845525836e-14
9.7800885365e+04	2.4431331100e-14	1.0763994303e-17	6.9427449252e-18	2.7831228892e-14
9.7803118476e+04	2.4424788057e-14	1.0811612686e-17	6.9755077458e-18	2.7830323418e-14
9.7849294262e+04	2.4375596775e-14	1.1807664258e-17	7.6638916272e-18	2.7812844628e-14
9.7851553231e+04	2.4368919958e-14	1.1856896830e-17	7.6980680477e-18	2.7811696159e-14
9.7898263708e+04	2.4405974433e-14	1.2882781115e-17	8.4134600979e-18	2.7796868269e-14
9.7900548834e+04	2.4399349212e-14	1.2933317515e-17	8.4488597341e-18	2.7795631093e-14
9.7947800193e+04	2.4348562963e-14	1.3982620559e-17	9.1872685313e-18	2.7772981976e-14
9.7950111780e+04	2.4341829338e-14	1.4034020667e-17	9.2236104669e-18	2.7771225304e-14
9.7997910283e+04	2.4377262401e-14	1.5095164477e-17	9.9775240170e-18	2.7755409804e-14
9.8000248637e+04	2.4370560710e-14	1.5146985152e-17	1.0014517750e-17	2.7753528642e-14
9.8048600621e+04	2.4404408152e-14	1.6215561072e-17	1.0781007153e-17	2.7737446937e-14
9.8050966052e+04	2.4397748869e-14	1.6267640700e-17	1.0818543289e-17	2.7735391098e-14
9.8099877926e+04	2.4345455809e-14	1.7336649544e-17	1.1592878870e-17	2.7702713452e-14
9.8102270747e+04	2.4338724548e-14	1.7388410997e-17	1.1630566963e-17	2.7700014194e-14
9.8151748994e+04	2.4370954066e-14	1.8443173562e-17	1.2402747467e-17	2.7682371675e-14
9.8154169523e+04	2.4364244953e-14	1.8493965975e-17	1.2440138302e-17	2.7679549154e-14
9.8204220700e+04	2.4311081205e-14	1.9526747233e-17	1.3204640460e-17	2.7638889481e-14
9.8206669257e+04	2.4304399078e-14	1.9576389986e-17	1.3241594361e-17	2.7635607768e-14
9.8257300000e+04	2.4334896093e-14	2.0580917416e-17	1.3993781087e-17	2.7617306493e-14
9.8259776910e+04	2.4328219004e-14	2.0628861596e-17	1.4029905148e-17	2.7613990566e-14
9.8310993929e+04	2.4357606909e-14	2.1591824698e-17	1.4760242985e-17	2.7595472740e-14
9.8313499521e+04	2.4350920303e-14	2.1637463645e-17	1.4795096854e-17	2.7592137750e-14
9.8365309605e+04	2.4296922025e-14	2.2548607307e-17	1.5495968459e-17	2.7548457410e-14
9.8367844210e+04	2.4290344150e-14	2.2591595766e-17	1.5529283626e-17	2.7545068290e-14
9.8420254227e+04	2.4317949435e-14	2.3445455675e-17	1.6196247030e-17	2.7527208433e-14
9.8422818181e+04	2.4311352031e-14	2.3485396442e-17	1.6227715106e-17	2.7523881850e-14
9.8475835077e+04	2.4257518657e-14	2.4270539595e-17	1.6852120688e-17	2.7480813917e-14
9.8478428721e+04	2.4251026041e-14	2.4306935873e-17	1.6881358714e-17	2.7477471664e-14
9.8532059524e+04	2.4276898203e-14	2.5016851328e-17	1.7457847428e-17	2.7460357047e-14
9.8534683200e+04	2.4270398853e-14	2.5049476090e-17	1.7484655249e-17	2.7456998181e-14
9.8588935018e+04	2.4295367987e-14	2.5677920452e-17	1.8007983908e-17	2.7439768477e-14
9.8591589076e+04	2.4288876872e-14	2.5706365761e-17	1.8032032007e-17	2.7436392285e-14
9.8646469100e+04	2.4234272944e-14	2.6247736448e-17	1.8497342492e-17	2.7390779897e-14
9.8649153890e+04	2.4227786253e-14	2.6271937300e-17	1.8518538923e-17	2.7386933220e-14
9.8704669396e+04	2.4251318103e-14	2.6723936111e-17	1.8923258195e-17	2.7368839941e-14
9.8763543618e+04	2.4189225366e-14	2.7103708565e-17	1.9282738193e-17	2.7309778344e-14
9.8823099573e+04	2.4204900482e-14	2.7384097473e-17	1.9572670918e-17	2.7284384555e-14
9.8883345152e+04	2.4219523628e-14	2.7571819619e-17	1.9796874174e-17	2.7258330387e-14
9.8944288343e+04	2.4233261684e-14	2.7660625246e-17	1.9949923326e-17	2.7231528599e-14
9.9005937222e+04	2.4246083167e-14	2.7656937447e-17	2.0035515448e-17	2.7204403724e-14
9.9068299962e+04	2.4181319579e-14	2.7574898133e-17	2.0063066617e-17	2.7132845562e-14
9.9131384829e+04	2.4192830228e-14	2.7426373514e-17	2.0040526494e-17	2.7106257677e-14
9.9195200183e+04	2.4127498910e-14	2.7216707011e-17	1.9971221374e-17	2.7039973238e-14
9.9259754485e+04	2.4213019950e-14	2.6961724105e-17	1.9866280018e-17	2.7055024423e-14
