E, cm-1	Sigma_00, cm2	Sigma_01, cm2	Sigma_10, cm2	Sigma_11, cm2	
9.3085323700e+04	1.4863286148e-14	0.0000000000e+00	0.0000000000e+00	0.0000000000e+00
9.3085329069e+04	1.4466459049e-14	0.0000000000e+00	0.0000000000e+00	0.0000000000e+00
9.3085334501e+04	6.6657053869e-14	0.0000000000e+00	0.0000000000e+00	0.0000000000e+00
9.3085339995e+04	6.5459371873e-14	0.0000000000e+00	0.0000000000e+00	0.0000000000e+00
9.3085345554e+04	6.4274615096e-14	0.0000000000e+00	0.0000000000e+00	0.0000000000e+00
9.3085351176e+04	6.3102803030e-14	0.0000000000e+00	0.0000000000e+00	0.0000000000e+00
9.3085356864e+04	6.1943950538e-14	0.0000000000e+00	0.0000000000e+00	0.0000000000e+00
9.3085362617e+04	6.0798068575e-14	0.0000000000e+00	0.0000000000e+00	0.0000000000e+00
9.3085368437e+04	5.9665164826e-14	0.0000000000e+00	0.0000000000e+00	0.0000000000e+00
9.3085374324e+04	5.8545244307e-14	0.0000000000e+00	0.0000000000e+00	0.0000000000e+00
9.3085380280e+04	5.7438309901e-14	0.0000000000e+00	0.0000000000e+00	0.0000000000e+00
9.3085386305e+04	5.6344362839e-14	0.0000000000e+00	0.0000000000e+00	0.0000000000e+00
9.3085392399e+04	5.5263403147e-14	0.0000000000e+00	0.0000000000e+00	0.0000000000e+00
9.3085398564e+04	5.4195430036e-14	0.0000000000e+00	0.0000000000e+00	0.0000000000e+00
9.3085404800e+04	5.3140442260e-14	0.0000000000e+00	0.0000000000e+00	0.0000000000e+00
9.3085411108e+04	5.2098438425e-14	0.0000000000e+00	0.0000000000e+00	0.0000000000e+00
9.3085417490e+04	5.1069417277e-14	0.0000000000e+00	0.0000000000e+00	0.0000000000e+00
9.3085423945e+04	5.0053377937e-14	0.0000000000e+00	0.0000000000e+00	0.0000000000e+00
9.3085430476e+04	4.9050320122e-14	0.0000000000e+00	0.0000000000e+00	0.0000000000e+00
9.3085437081e+04	4.8060244322e-14	0.0000000000e+00	0.0000000000e+00	0.0000000000e+00
9.3085443764e+04	4.7083151960e-14	0.0000000000e+00	0.0000000000e+00	0.0000000000e+00
9.3085450523e+04	4.6119045517e-14	0.0000000000e+00	0.0000000000e+00	0.0000000000e+00
9.3085457361e+04	4.5167928637e-14	0.0000000000e+00	0.0000000000e+00	0.0000000000e+00
9.3085464278e+04	4.4229806212e-14	0.0000000000e+00	0.0000000000e+00	0.0000000000e+00
9.3085471276e+04	4.3304684440e-14	0.0000000000e+00	0.0000000000e+00	0.0000000000e+00
9.3085478354e+04	4.2392570858e-14	0.0000000000e+00	0.0000000000e+00	0.0000000000e+00
9.3085485514e+04	4.1493474370e-14	0.0000000000e+00	0.0000000000e+00	0.0000000000e+00
9.3085492757e+04	4.0607405247e-14	0.0000000000e+00	0.0000000000e+00	0.0000000000e+00
9.3085500084e+04	3.9734375107e-14	0.0000000000e+00	0.0000000000e+00	0.0000000000e+00
9.3085507496e+04	3.8874396889e-14	0.0000000000e+00	0.0000000000e+00	0.0000000000e+00
9.3085514994e+04	3.8027484806e-14	0.0000000000e+00	0.0000000000e+00	0.0000000000e+00
9.3085522578e+04	3.7193654281e-14	0.0000000000e+00	0.0000000000e+00	0.0000000000e+00
9.3085530250e+04	3.6372921872e-14	0.0000000000e+00	0.0000000000e+00	0.0000000000e+00
9.3085538012e+04	3.5565305191e-14	0.0000000000e+00	0.0000000000e+00	0.0000000000e+00
9.3085545863e+04	3.4770822799e-14	0.0000000000e+00	0.0000000000e+00	0.0000000000e+00
9.3085553804e+04	3.3989494096e-14	0.0000000000e+00	0.0000000000e+00	0.0000000000e+00
9.3085561838e+04	3.3221339202e-14	0.0000000000e+00	0.0000000000e+00	0.0000000000e+00
9.3085569965e+04	3.2466378820e-14	0.0000000000e+00	0.0000000000e+00	0.0000000000e+00
9.3085578186e+04	3.1724634101e-14	0.0000000000e+00	0.0000000000e+00	0.0000000000e+00
9.3085586502e+04	3.0996126486e-14	0.0000000000e+00	0.0000000000e+00	0.0000000000e+00
9.3085594915e+04	3.0280877551e-14	0.0000000000e+00	0.0000000000e+00	0.0000000000e+00
9.3085603425e+04	2.9578908841e-14	0.0000000000e+00	0.0000000000e+00	0.0000000000e+00
9.3085612033e+04	2.8890241688e-14	0.0000000000e+00	0.0000000000e+00	0.0000000000e+00
9.3085620741e+04	2.8214897034e-14	0.0000000000e+00	0.0000000000e+00	0.0000000000e+00
9.3085629550e+04	2.7552895240e-14	0.0000000000e+00	0.0000000000e+00	0.0000000000e+00
9.3085638461e+04	6.9971263991e-14	0.0000000000e+00	0.0000000000e+00	0.0000000000e+00
9.3085647476e+04	6.8870861239e-14	0.0000000000e+00	0.0000000000e+00	0.0000000000e+00
9.3085656594e+04	6.7772370739e-14	0.0000000000e+00	0.0000000000e+00	0.0000000000e+00
9.3085665818e+04	6.6676677694e-14	0.0000000000e+00	0.0000000000e+00	0.0000000000e+00
9.3085675149e+04	6.5584600646e-14	0.0000000000e+00	0.0000000000e+00	0.0000000000e+00
9.3085684588e+04	6.4496895498e-14	0.0000000000e+00	0.0000000000e+00	0.0000000000e+00
9.3085694136e+04	6.3414259507e-14	0.0000000000e+00	0.0000000000e+00	0.0000000000e+00
9.3085703795e+04	6.2337335223e-14	0.0000000000e+00	0.0000000000e+00	0.0000000000e+00
9.3085713566e+04	6.1266714333e-14	0.0000000000e+00	0.0000000000e+00	0.0000000000e+00
9.3085723450e+04	6.0202941374e-14	0.0000000000e+00	0.0000000000e+00	0.0000000000e+00
9.3085733448e+04	5.9146517304e-14	0.0000000000e+00	0.0000000000e+00	0.0000000000e+00
9.3085743562e+04	5.8097902913e-14	0.0000000000e+00	0.0000000000e+00	0.0000000000e+00
9.3085753793e+04	5.7057522060e-14	0.0000000000e+00	0.0000000000e+00	0.0000000000e+00
9.3085764143e+04	5.6025764734e-14	0.0000000000e+00	0.0000000000e+00	0.0000000000e+00
9.3085774612e+04	5.5002989930e-14	0.0000000000e+00	0.0000000000e+00	0.0000000000e+00
9.3085785203e+04	5.3989528351e-14	0.0000000000e+00	0.0000000000e+00	0.0000000000e+00
9.3085795916e+04	5.2985684922e-14	0.0000000000e+00	0.0000000000e+00	0.0000000000e+00
9.3085806754e+04	5.1991741138e-14	0.0000000000e+00	0.0000000000e+00	0.0000000000e+00
9.3085817717e+04	5.1007957231e-14	0.0000000000e+00	0.0000000000e+00	0.0000000000e+00
9.3085828807e+04	5.0034574184e-14	0.0000000000e+00	0.0000000000e+00	0.0000000000e+00
9.3085840025e+04	4.9071815570e-14	0.0000000000e+00	0.0000000000e+00	0.0000000000e+00
9.3085851373e+04	4.8119889258e-14	0.0000000000e+00	0.0000000000e+00	0.0000000000e+00
9.3085862853e+04	4.7178988964e-14	0.0000000000e+00	0.0000000000e+00	0.0000000000e+00
9.3085874465e+04	4.6249295665e-14	0.0000000000e+00	0.0000000000e+00	0.0000000000e+00
9.3085886212e+04	4.5330978889e-14	0.0000000000e+00	0.0000000000e+00	0.0000000000e+00
9.3085898095e+04	4.4424197884e-14	0.0000000000e+00	0.0000000000e+00	0.0000000000e+00
9.3085910116e+04	4.3529102662e-14	0.0000000000e+00	0.0000000000e+00	0.0000000000e+00
9.3085922275e+04	4.2645834948e-14	0.0000000000e+00	0.0000000000e+00	0.0000000000e+00
9.3085934576e+04	4.1774529021e-14	0.0000000000e+00	0.0000000000e+00	0.0000000000e+00
9.3085947019e+04	4.0915312463e-14	0.0000000000e+00	0.0000000000e+00	0.0000000000e+00
9.3085959606e+04	4.0068306817e-14	0.0000000000e+00	0.0000000000e+00	0.0000000000e+00
9.3085972339e+04	3.9233628166e-14	0.0000000000e+00	0.0000000000e+00	0.0000000000e+00
9.3085985219e+04	3.8411387636e-14	0.0000000000e+00	0.0000000000e+00	0.0000000000e+00
9.3085998249e+04	3.7601691818e-14	0.0000000000e+00	0.0000000000e+00	0.0000000000e+00
9.3086011429e+04	3.6804643138e-14	0.0000000000e+00	0.0000000000e+00	0.0000000000e+00
9.3086024762e+04	3.6020340153e-14	0.0000000000e+00	0.0000000000e+00	0.0000000000e+00
9.3086038249e+04	3.5248877791e-14	0.0000000000e+00	0.0000000000e+00	0.0000000000e+00
9.3086051893e+04	3.4490347548e-14	0.0000000000e+00	0.0000000000e+00	0.0000000000e+00
9.3086065694e+04	3.3744837619e-14	0.0000000000e+00	0.0000000000e+00	0.0000000000e+00
9.3086079655e+04	3.3012432996e-14	0.0000000000e+00	0.0000000000e+00	0.0000000000e+00
9.3086093778e+04	3.2293215517e-14	0.0000000000e+00	0.0000000000e+00	0.0000000000e+00
9.3086108065e+04	3.1587263878e-14	0.0000000000e+00	0.0000000000e+00	0.0000000000e+00
9.3086122517e+04	3.0894653609e-14	0.0000000000e+00	0.0000000000e+00	0.0000000000e+00
9.3086137136e+04	3.0215457015e-14	0.0000000000e+00	0.0000000000e+00	0.0000000000e+00
9.3086151924e+04	2.9549743087e-14	0.0000000000e+00	0.0000000000e+00	0.0000000000e+00
9.3086166884e+04	2.8897577387e-14	0.0000000000e+00	0.0000000000e+00	0.0000000000e+00
9.3086182017e+04	2.8259021905e-14	0.0000000000e+00	0.0000000000e+00	0.0000000000e+00
9.3086197325e+04	2.7634134895e-14	0.0000000000e+00	0.0000000000e+00	0.0000000000e+00
9.3086212811e+04	2.7022970687e-14	0.0000000000e+00	0.0000000000e+00	0.0000000000e+00
9.3086228476e+04	2.6425579485e-14	0.0000000000e+00	0.0000000000e+00	0.0000000000e+00
9.3086244322e+04	2.5842007147e-14	0.0000000000e+00	0.0000000000e+00	0.0000000000e+00
9.3086260352e+04	2.5272294946e-14	0.0000000000e+00	0.0000000000e+00	0.0000000000e+00
9.3086276567e+04	2.4716479327e-14	0.0000000000e+00	0.0000000000e+00	0.0000000000e+00
9.3086292970e+04	2.4174591647e-14	0.0000000000e+00	0.0000000000e+00	0.0000000000e+00
9.3086309563e+04	2.3646657905e-14	0.0000000000e+00	0.0000000000e+00	0.0000000000e+00
9.3086326348e+04	2.3132698475e-14	0.0000000000e+00	0.0000000000e+00	0.0000000000e+00
9.3086343328e+04	2.2632727823e-14	0.0000000000e+00	0.0000000000e+00	0.0000000000e+00
9.3086360504e+04	2.2146754227e-14	0.0000000000e+00	0.0000000000e+00	0.0000000000e+00
9.3086377879e+04	2.1674779493e-14	0.0000000000e+00	0.0000000000e+00	0.0000000000e+00
9.3086395455e+04	2.1216798672e-14	0.0000000000e+00	0.0000000000e+00	0.0000000000e+00
9.3086413235e+04	2.0772799781e-14	0.0000000000e+00	0.0000000000e+00	0.0000000000e+00
9.3086431220e+04	2.0342763522e-14	0.0000000000e+00	0.0000000000e+00	0.0000000000e+00
9.3086449414e+04	1.9926663010e-14	0.0000000000e+00	0.0000000000e+00	0.0000000000e+00
9.3086467819e+04	1.9524463510e-14	0.0000000000e+00	0.0000000000e+00	0.0000000000e+00
9.3086486436e+04	4.2242606927e-14	0.0000000000e+00	0.0000000000e+00	0.0000000000e+00
9.3086505270e+04	4.1421931759e-14	0.0000000000e+00	0.0000000000e+00	0.0000000000e+00
9.3086524321e+04	4.0611180631e-14	0.0000000000e+00	0.0000000000e+00	0.0000000000e+00
9.3086543593e+04	3.9810664711e-14	0.0000000000e+00	0.0000000000e+00	0.0000000000e+00
9.3086563088e+04	3.9020674945e-14	0.0000000000e+00	0.0000000000e+00	0.0000000000e+00
9.3086582809e+04	3.8241483650e-14	0.0000000000e+00	0.0000000000e+00	0.0000000000e+00
9.3086602758e+04	3.7473345947e-14	0.0000000000e+00	0.0000000000e+00	0.0000000000e+00
9.3086622938e+04	3.6716501038e-14	0.0000000000e+00	0.0000000000e+00	0.0000000000e+00
9.3086643352e+04	3.5971173341e-14	0.0000000000e+00	0.0000000000e+00	0.0000000000e+00
9.3086664002e+04	3.5237573493e-14	0.0000000000e+00	0.0000000000e+00	0.0000000000e+00
9.3086684892e+04	3.4515899220e-14	0.0000000000e+00	0.0000000000e+00	0.0000000000e+00
9.3086706023e+04	3.3806336100e-14	0.0000000000e+00	0.0000000000e+00	0.0000000000e+00
9.3086727399e+04	3.3109058210e-14	0.0000000000e+00	0.0000000000e+00	0.0000000000e+00
9.3086749022e+04	3.2424228676e-14	0.0000000000e+00	0.0000000000e+00	0.0000000000e+00
9.3086770896e+04	3.1752000133e-14	0.0000000000e+00	0.0000000000e+00	0.0000000000e+00
9.3086793023e+04	3.1092515106e-14	0.0000000000e+00	0.0000000000e+00	0.0000000000e+00
9.3086815407e+04	3.0445906303e-14	0.0000000000e+00	0.0000000000e+00	0.0000000000e+00
9.3086838049e+04	2.9812296851e-14	0.0000000000e+00	0.0000000000e+00	0.0000000000e+00
9.3086860954e+04	2.9191800469e-14	0.0000000000e+00	0.0000000000e+00	0.0000000000e+00
9.3086884124e+04	2.8584521581e-14	0.0000000000e+00	0.0000000000e+00	0.0000000000e+00
9.3086907562e+04	2.7990555386e-14	0.0000000000e+00	0.0000000000e+00	0.0000000000e+00
9.3086931272e+04	2.7409987883e-14	0.0000000000e+00	0.0000000000e+00	0.0000000000e+00
9.3086955256e+04	2.6842895862e-14	0.0000000000e+00	0.0000000000e+00	0.0000000000e+00
9.3086979518e+04	2.6289346861e-14	0.0000000000e+00	0.0000000000e+00	0.0000000000e+00
9.3087004061e+04	2.5749399100e-14	0.0000000000e+00	0.0000000000e+00	0.0000000000e+00
9.3087028888e+04	4.5725388319e-14	0.0000000000e+00	0.0000000000e+00	0.0000000000e+00
9.3087054002e+04	4.4938993386e-14	0.0000000000e+00	0.0000000000e+00	0.0000000000e+00
9.3087079408e+04	4.4156006880e-14	0.0000000000e+00	0.0000000000e+00	0.0000000000e+00
9.3087105107e+04	4.3377223880e-14	0.0000000000e+00	0.0000000000e+00	0.0000000000e+00
9.3087131104e+04	4.2603385975e-14	0.0000000000e+00	0.0000000000e+00	0.0000000000e+00
9.3087157403e+04	4.1835184250e-14	0.0000000000e+00	0.0000000000e+00	0.0000000000e+00
9.3087184005e+04	4.1073262270e-14	0.0000000000e+00	0.0000000000e+00	0.0000000000e+00
9.3087210916e+04	4.0318219000e-14	0.0000000000e+00	0.0000000000e+00	0.0000000000e+00
9.3087238138e+04	3.9570611630e-14	0.0000000000e+00	0.0000000000e+00	0.0000000000e+00
9.3087265676e+04	3.8830958262e-14	0.0000000000e+00	0.0000000000e+00	0.0000000000e+00
9.3087293532e+04	3.8099740465e-14	0.0000000000e+00	0.0000000000e+00	0.0000000000e+00
9.3087321711e+04	3.7377405651e-14	0.0000000000e+00	0.0000000000e+00	0.0000000000e+00
9.3087350216e+04	3.6664369301e-14	0.0000000000e+00	0.0000000000e+00	0.0000000000e+00
9.3087379052e+04	3.5961017005e-14	0.0000000000e+00	0.0000000000e+00	0.0000000000e+00
9.3087408221e+04	3.5267706335e-14	0.0000000000e+00	0.0000000000e+00	0.0000000000e+00
9.3087437728e+04	3.4584768559e-14	0.0000000000e+00	0.0000000000e+00	0.0000000000e+00
9.3087467577e+04	3.3912510186e-14	0.0000000000e+00	0.0000000000e+00	0.0000000000e+00
9.3087497771e+04	3.3251214359e-14	0.0000000000e+00	0.0000000000e+00	0.0000000000e+00
9.3087528315e+04	3.2601142109e-14	0.0000000000e+00	0.0000000000e+00	0.0000000000e+00
9.3087559213e+04	3.1962533471e-14	0.0000000000e+00	0.0000000000e+00	0.0000000000e+00
9.3087590468e+04	3.1335608478e-14	0.0000000000e+00	0.0000000000e+00	0.0000000000e+00
9.3087622085e+04	3.0720568041e-14	0.0000000000e+00	0.0000000000e+00	0.0000000000e+00
9.3087654069e+04	4.7008719645e-14	0.0000000000e+00	0.0000000000e+00	0.0000000000e+00
9.3087686423e+04	4.6320481984e-14	0.0000000000e+00	0.0000000000e+00	0.0000000000e+00
9.3087719151e+04	4.5627341680e-14	0.0000000000e+00	0.0000000000e+00	0.0000000000e+00
9.3087752258e+04	4.4930555990e-14	0.0000000000e+00	0.0000000000e+00	0.0000000000e+00
9.3087785749e+04	4.4231328526e-14	0.0000000000e+00	0.0000000000e+00	0.0000000000e+00
9.3087819628e+04	4.3530806210e-14	0.0000000000e+00	0.0000000000e+00	0.0000000000e+00
9.3087853899e+04	4.2830077500e-14	0.0000000000e+00	0.0000000000e+00	0.0000000000e+00
9.3087888566e+04	4.2130171660e-14	0.0000000000e+00	0.0000000000e+00	0.0000000000e+00
9.3087923636e+04	4.1432058875e-14	0.0000000000e+00	0.0000000000e+00	0.0000000000e+00
9.3087959111e+04	4.0736651030e-14	0.0000000000e+00	0.0000000000e+00	0.0000000000e+00
9.3087994997e+04	4.0044802993e-14	0.0000000000e+00	0.0000000000e+00	0.0000000000e+00
9.3088031298e+04	3.9357314279e-14	0.0000000000e+00	0.0000000000e+00	0.0000000000e+00
9.3088068020e+04	3.8674930968e-14	0.0000000000e+00	0.0000000000e+00	0.0000000000e+00
9.3088105167e+04	3.7998347788e-14	0.0000000000e+00	0.0000000000e+00	0.0000000000e+00
9.3088142745e+04	3.7328210295e-14	0.0000000000e+00	0.0000000000e+00	0.0000000000e+00
9.3088180757e+04	3.6665117075e-14	0.0000000000e+00	0.0000000000e+00	0.0000000000e+00
9.3088219210e+04	3.6009621943e-14	0.0000000000e+00	0.0000000000e+00	0.0000000000e+00
9.3088258107e+04	3.5362236072e-14	0.0000000000e+00	0.0000000000e+00	0.0000000000e+00
9.3088297456e+04	3.4723430058e-14	0.0000000000e+00	0.0000000000e+00	0.0000000000e+00
9.3088337259e+04	4.7234573401e-14	0.0000000000e+00	0.0000000000e+00	0.0000000000e+00
9.3088377524e+04	4.6673956191e-14	0.0000000000e+00	0.0000000000e+00	0.0000000000e+00
9.3088418255e+04	4.6101653113e-14	0.0000000000e+00	0.0000000000e+00	0.0000000000e+00
9.3088459458e+04	4.5518916576e-14	0.0000000000e+00	0.0000000000e+00	0.0000000000e+00
9.3088501138e+04	4.4927020999e-14	0.0000000000e+00	0.0000000000e+00	0.0000000000e+00
9.3088543300e+04	4.4327246255e-14	0.0000000000e+00	0.0000000000e+00	0.0000000000e+00
9.3088585951e+04	4.3720863383e-14	0.0000000000e+00	0.0000000000e+00	0.0000000000e+00
9.3088629095e+04	4.3109122511e-14	0.0000000000e+00	0.0000000000e+00	0.0000000000e+00
9.3088672739e+04	4.2493242883e-14	0.0000000000e+00	0.0000000000e+00	0.0000000000e+00
9.3088716889e+04	4.1874404831e-14	0.0000000000e+00	0.0000000000e+00	0.0000000000e+00
9.3088761549e+04	4.1253743497e-14	0.0000000000e+00	0.0000000000e+00	0.0000000000e+00
9.3088806727e+04	4.0632344100e-14	0.0000000000e+00	0.0000000000e+00	0.0000000000e+00
9.3088852428e+04	4.0011238541e-14	0.0000000000e+00	0.0000000000e+00	0.0000000000e+00
9.3088898658e+04	3.9391403148e-14	0.0000000000e+00	0.0000000000e+00	0.0000000000e+00
9.3088945424e+04	3.8773757372e-14	0.0000000000e+00	0.0000000000e+00	0.0000000000e+00
9.3088992731e+04	3.8159163259e-14	0.0000000000e+00	0.0000000000e+00	0.0000000000e+00
9.3089040585e+04	3.7548425557e-14	0.0000000000e+00	0.0000000000e+00	0.0000000000e+00
9.3089088994e+04	3.6942292309e-14	0.0000000000e+00	0.0000000000e+00	0.0000000000e+00
9.3089137964e+04	3.6341455842e-14	0.0000000000e+00	0.0000000000e+00	0.0000000000e+00
9.3089187500e+04	3.5746554034e-14	0.0000000000e+00	0.0000000000e+00	0.0000000000e+00
9.3089237610e+04	3.5158171798e-14	0.0000000000e+00	0.0000000000e+00	0.0000000000e+00
9.3089288301e+04	3.4576842715e-14	0.0000000000e+00	0.0000000000e+00	0.0000000000e+00
9.3089339578e+04	3.4003050768e-14	0.0000000000e+00	0.0000000000e+00	0.0000000000e+00
9.3089391449e+04	3.3437232143e-14	0.0000000000e+00	0.0000000000e+00	0.0000000000e+00
9.3089443921e+04	3.2879777065e-14	0.0000000000e+00	0.0000000000e+00	0.0000000000e+00
9.3089497000e+04	3.2331031658e-14	0.0000000000e+00	0.0000000000e+00	0.0000000000e+00
9.3089550694e+04	3.1791299817e-14	0.0000000000e+00	0.0000000000e+00	0.0000000000e+00
9.3089605010e+04	3.1260845074e-14	0.0000000000e+00	0.0000000000e+00	0.0000000000e+00
9.3089659954e+04	3.0739892481e-14	0.0000000000e+00	0.0000000000e+00	0.0000000000e+00
9.3089715535e+04	3.0228630490e-14	0.0000000000e+00	0.0000000000e+00	0.0000000000e+00
9.3089771760e+04	2.9727212847e-14	0.0000000000e+00	0.0000000000e+00	0.0000000000e+00
9.3089828635e+04	2.9235760497e-14	0.0000000000e+00	0.0000000000e+00	0.0000000000e+00
9.3089886169e+04	2.8754363523e-14	0.0000000000e+00	0.0000000000e+00	0.0000000000e+00
9.3089944369e+04	3.8498348910e-14	0.0000000000e+00	0.0000000000e+00	0.0000000000e+00
9.3090003244e+04	3.7951527241e-14	0.0000000000e+00	0.0000000000e+00	0.0000000000e+00
9.3090062800e+04	3.7406740878e-14	0.0000000000e+00	0.0000000000e+00	0.0000000000e+00
9.3090123045e+04	3.6864765251e-14	0.0000000000e+00	0.0000000000e+00	0.0000000000e+00
9.3090183988e+04	3.6326316552e-14	0.0000000000e+00	0.0000000000e+00	0.0000000000e+00
9.3090245637e+04	3.5792051566e-14	0.0000000000e+00	0.0000000000e+00	0.0000000000e+00
9.3090308000e+04	3.5262568024e-14	0.0000000000e+00	0.0000000000e+00	0.0000000000e+00
9.3090371085e+04	3.4738405407e-14	0.0000000000e+00	0.0000000000e+00	0.0000000000e+00
9.3090434900e+04	3.4220046107e-14	0.0000000000e+00	0.0000000000e+00	0.0000000000e+00
9.3090499454e+04	3.3707916888e-14	0.0000000000e+00	0.0000000000e+00	0.0000000000e+00
9.3090564756e+04	3.3202390610e-14	0.0000000000e+00	0.0000000000e+00	0.0000000000e+00
9.3090630814e+04	3.2703788159e-14	0.0000000000e+00	0.0000000000e+00	0.0000000000e+00
9.3090697637e+04	3.2212380567e-14	0.0000000000e+00	0.0000000000e+00	0.0000000000e+00
9.3090765234e+04	3.1728391304e-14	0.0000000000e+00	0.0000000000e+00	0.0000000000e+00
9.3090833613e+04	3.1251998727e-14	0.0000000000e+00	0.0000000000e+00	0.0000000000e+00
9.3090902784e+04	3.9250672238e-14	0.0000000000e+00	0.0000000000e+00	0.0000000000e+00
9.3090972756e+04	3.8765658312e-14	0.0000000000e+00	0.0000000000e+00	0.0000000000e+00
9.3091043539e+04	3.8279577891e-14	0.0000000000e+00	0.0000000000e+00	0.0000000000e+00
9.3091115141e+04	3.7793287625e-14	0.0000000000e+00	0.0000000000e+00	0.0000000000e+00
9.3091187572e+04	3.7307590035e-14	0.0000000000e+00	0.0000000000e+00	0.0000000000e+00
9.3091260842e+04	3.6823229990e-14	0.0000000000e+00	0.0000000000e+00	0.0000000000e+00
9.3091334960e+04	3.6340892222e-14	0.0000000000e+00	0.0000000000e+00	0.0000000000e+00
9.3091409937e+04	3.5861199758e-14	0.0000000000e+00	0.0000000000e+00	0.0000000000e+00
9.3091485781e+04	3.5384713154e-14	0.0000000000e+00	0.0000000000e+00	0.0000000000e+00
9.3091562504e+04	3.4911930436e-14	0.0000000000e+00	0.0000000000e+00	0.0000000000e+00
9.3091640116e+04	3.4443287640e-14	0.0000000000e+00	0.0000000000e+00	0.0000000000e+00
9.3091718626e+04	3.3979159895e-14	0.0000000000e+00	0.0000000000e+00	0.0000000000e+00
9.3091798045e+04	3.3519862986e-14	0.0000000000e+00	0.0000000000e+00	0.0000000000e+00
9.3091878384e+04	3.9977761873e-14	0.0000000000e+00	0.0000000000e+00	0.0000000000e+00
9.3091959653e+04	3.9551079249e-14	0.0000000000e+00	0.0000000000e+00	0.0000000000e+00
9.3092041863e+04	3.9120281478e-14	0.0000000000e+00	0.0000000000e+00	0.0000000000e+00
9.3092125025e+04	3.8686274857e-14	0.0000000000e+00	0.0000000000e+00	0.0000000000e+00
9.3092209150e+04	3.8249929830e-14	0.0000000000e+00	0.0000000000e+00	0.0000000000e+00
9.3092294249e+04	3.7812072604e-14	0.0000000000e+00	0.0000000000e+00	0.0000000000e+00
9.3092380333e+04	3.7373478247e-14	0.0000000000e+00	0.0000000000e+00	0.0000000000e+00
9.3092467415e+04	3.6934865174e-14	0.0000000000e+00	0.0000000000e+00	0.0000000000e+00
9.3092555504e+04	3.6496890942e-14	0.0000000000e+00	0.0000000000e+00	0.0000000000e+00
9.3092644614e+04	3.6060149227e-14	0.0000000000e+00	0.0000000000e+00	0.0000000000e+00
9.3092734756e+04	3.5625167891e-14	0.0000000000e+00	0.0000000000e+00	0.0000000000e+00
9.3092825941e+04	3.5192408022e-14	0.0000000000e+00	0.0000000000e+00	0.0000000000e+00
9.3092918182e+04	4.0357525227e-14	0.0000000000e+00	0.0000000000e+00	0.0000000000e+00
9.3093011492e+04	3.9980812395e-14	0.0000000000e+00	0.0000000000e+00	0.0000000000e+00
9.3093105882e+04	3.9597685669e-14	0.0000000000e+00	0.0000000000e+00	0.0000000000e+00
9.3093201364e+04	3.9209042916e-14	0.0000000000e+00	0.0000000000e+00	0.0000000000e+00
9.3093297953e+04	3.8815772693e-14	0.0000000000e+00	0.0000000000e+00	0.0000000000e+00
9.3093395660e+04	3.8418741318e-14	0.0000000000e+00	0.0000000000e+00	0.0000000000e+00
9.3093494498e+04	3.8018781432e-14	0.0000000000e+00	0.0000000000e+00	0.0000000000e+00
9.3093594481e+04	3.7616682092e-14	0.0000000000e+00	0.0000000000e+00	0.0000000000e+00
9.3093695621e+04	3.7213180420e-14	0.0000000000e+00	0.0000000000e+00	0.0000000000e+00
9.3093797933e+04	3.6808954760e-14	0.0000000000e+00	0.0000000000e+00	0.0000000000e+00
9.3093901429e+04	3.6404619321e-14	0.0000000000e+00	0.0000000000e+00	0.0000000000e+00
9.3094006124e+04	3.6000720244e-14	0.0000000000e+00	0.0000000000e+00	0.0000000000e+00
9.3094112031e+04	3.5597733009e-14	0.0000000000e+00	0.0000000000e+00	0.0000000000e+00
9.3094219165e+04	3.5196061119e-14	0.0000000000e+00	0.0000000000e+00	0.0000000000e+00
9.3094327539e+04	3.4796035935e-14	0.0000000000e+00	0.0000000000e+00	0.0000000000e+00
9.3094437168e+04	3.4397917566e-14	0.0000000000e+00	0.0000000000e+00	0.0000000000e+00
9.3094548066e+04	3.4001896705e-14	0.0000000000e+00	0.0000000000e+00	0.0000000000e+00
9.3094660249e+04	3.3608097281e-14	0.0000000000e+00	0.0000000000e+00	0.0000000000e+00
9.3094773730e+04	3.3216579881e-14	0.0000000000e+00	0.0000000000e+00	0.0000000000e+00
9.3094888526e+04	3.2827345855e-14	0.0000000000e+00	0.0000000000e+00	0.0000000000e+00
9.3095004651e+04	3.2440342124e-14	0.0000000000e+00	0.0000000000e+00	0.0000000000e+00
9.3095122120e+04	3.2055466721e-14	0.0000000000e+00	0.0000000000e+00	0.0000000000e+00
9.3095240950e+04	3.1672575137e-14	0.0000000000e+00	0.0000000000e+00	0.0000000000e+00
9.3095361156e+04	3.6151764489e-14	0.0000000000e+00	0.0000000000e+00	0.0000000000e+00
9.3095482753e+04	3.5772876143e-14	0.0000000000e+00	0.0000000000e+00	0.0000000000e+00
9.3095605759e+04	3.5394597240e-14	0.0000000000e+00	0.0000000000e+00	0.0000000000e+00
9.3095730189e+04	3.5017275851e-14	0.0000000000e+00	0.0000000000e+00	0.0000000000e+00
9.3095856060e+04	3.4641181162e-14	0.0000000000e+00	0.0000000000e+00	0.0000000000e+00
9.3095983388e+04	3.4266504895e-14	0.0000000000e+00	0.0000000000e+00	0.0000000000e+00
9.3096112191e+04	3.3893363961e-14	0.0000000000e+00	0.0000000000e+00	0.0000000000e+00
9.3096242485e+04	3.3521804168e-14	0.0000000000e+00	0.0000000000e+00	0.0000000000e+00
9.3096374288e+04	3.3151804817e-14	0.0000000000e+00	0.0000000000e+00	0.0000000000e+00
9.3096507617e+04	3.2783284100e-14	0.0000000000e+00	0.0000000000e+00	0.0000000000e+00
9.3096642490e+04	3.6538577280e-14	0.0000000000e+00	0.0000000000e+00	0.0000000000e+00
9.3096778925e+04	3.6181318375e-14	0.0000000000e+00	0.0000000000e+00	0.0000000000e+00
9.3096916940e+04	3.5823982835e-14	0.0000000000e+00	0.0000000000e+00	0.0000000000e+00
9.3097056553e+04	3.5467043764e-14	0.0000000000e+00	0.0000000000e+00	0.0000000000e+00
9.3097197782e+04	3.5110888154e-14	0.0000000000e+00	0.0000000000e+00	0.0000000000e+00
9.3097340647e+04	3.4755814965e-14	0.0000000000e+00	0.0000000000e+00	0.0000000000e+00
9.3097485166e+04	3.4402035171e-14	0.0000000000e+00	0.0000000000e+00	0.0000000000e+00
9.3097631358e+04	3.4049673660e-14	0.0000000000e+00	0.0000000000e+00	0.0000000000e+00
9.3097779244e+04	3.3698772788e-14	0.0000000000e+00	0.0000000000e+00	0.0000000000e+00
9.3097928842e+04	3.3349297314e-14	0.0000000000e+00	0.0000000000e+00	0.0000000000e+00
9.3098080172e+04	3.6524528196e-14	0.0000000000e+00	0.0000000000e+00	0.0000000000e+00
9.3098233254e+04	3.6189251146e-14	0.0000000000e+00	0.0000000000e+00	0.0000000000e+00
9.3098388109e+04	3.5853854668e-14	0.0000000000e+00	0.0000000000e+00	0.0000000000e+00
9.3098544757e+04	3.5518872171e-14	0.0000000000e+00	0.0000000000e+00	0.0000000000e+00
9.3098703219e+04	3.5184745566e-14	0.0000000000e+00	0.0000000000e+00	0.0000000000e+00
9.3098863516e+04	3.4851820435e-14	0.0000000000e+00	0.0000000000e+00	0.0000000000e+00
9.3099025669e+04	3.4520343289e-14	0.0000000000e+00	0.0000000000e+00	0.0000000000e+00
9.3099189700e+04	3.4190461370e-14	0.0000000000e+00	0.0000000000e+00	0.0000000000e+00
9.3099355630e+04	3.3862224621e-14	0.0000000000e+00	0.0000000000e+00	0.0000000000e+00
9.3099523482e+04	3.6569270536e-14	0.0000000000e+00	0.0000000000e+00	0.0000000000e+00
9.3099693277e+04	3.6257377327e-14	0.0000000000e+00	0.0000000000e+00	0.0000000000e+00
9.3099865038e+04	3.5945158379e-14	0.0000000000e+00	0.0000000000e+00	0.0000000000e+00
9.3100038788e+04	3.5633215253e-14	0.0000000000e+00	0.0000000000e+00	0.0000000000e+00
9.3100214550e+04	3.5322057127e-14	0.0000000000e+00	0.0000000000e+00	0.0000000000e+00
9.3100392347e+04	3.5012093457e-14	0.0000000000e+00	0.0000000000e+00	0.0000000000e+00
9.3100572204e+04	3.4703628284e-14	0.0000000000e+00	0.0000000000e+00	0.0000000000e+00
9.3100754142e+04	3.4396856626e-14	0.0000000000e+00	0.0000000000e+00	0.0000000000e+00
9.3100938188e+04	3.4091863382e-14	0.0000000000e+00	0.0000000000e+00	0.0000000000e+00
9.3101124364e+04	3.3788625031e-14	0.0000000000e+00	0.0000000000e+00	0.0000000000e+00
9.3101312697e+04	3.3487014144e-14	0.0000000000e+00	0.0000000000e+00	0.0000000000e+00
9.3101503210e+04	3.3186806451e-14	0.0000000000e+00	0.0000000000e+00	0.0000000000e+00
9.3101695929e+04	3.2887690070e-14	0.0000000000e+00	0.0000000000e+00	0.0000000000e+00
9.3101890880e+04	3.2589276345e-14	0.0000000000e+00	0.0000000000e+00	0.0000000000e+00
9.3102088089e+04	3.2291112318e-14	0.0000000000e+00	0.0000000000e+00	0.0000000000e+00
9.3102287580e+04	3.1992694520e-14	0.0000000000e+00	0.0000000000e+00	0.0000000000e+00
9.3102489382e+04	3.1693484810e-14	0.0000000000e+00	0.0000000000e+00	0.0000000000e+00
9.3102693521e+04	3.4138970526e-14	0.0000000000e+00	0.0000000000e+00	0.0000000000e+00
9.3102900023e+04	3.3858290835e-14	0.0000000000e+00	0.0000000000e+00	0.0000000000e+00
9.3103108917e+04	3.3579031266e-14	0.0000000000e+00	0.0000000000e+00	0.0000000000e+00
9.3103320229e+04	3.3300910743e-14	0.0000000000e+00	0.0000000000e+00	0.0000000000e+00
9.3103533989e+04	3.3023549078e-14	0.0000000000e+00	0.0000000000e+00	0.0000000000e+00
9.3103750223e+04	3.2746480889e-14	0.0000000000e+00	0.0000000000e+00	0.0000000000e+00
9.3103968962e+04	3.2469168723e-14	0.0000000000e+00	0.0000000000e+00	0.0000000000e+00
9.3104190233e+04	3.2191019204e-14	0.0000000000e+00	0.0000000000e+00	0.0000000000e+00
9.3104414067e+04	3.4320838506e-14	0.0000000000e+00	0.0000000000e+00	0.0000000000e+00
9.3104640492e+04	3.4057539720e-14	0.0000000000e+00	0.0000000000e+00	0.0000000000e+00
9.3104869540e+04	3.3795303420e-14	0.0000000000e+00	0.0000000000e+00	0.0000000000e+00
9.3105101239e+04	3.3533866585e-14	0.0000000000e+00	0.0000000000e+00	0.0000000000e+00
9.3105335622e+04	3.3272857420e-14	0.0000000000e+00	0.0000000000e+00	0.0000000000e+00
9.3105572718e+04	3.3011804473e-14	0.0000000000e+00	0.0000000000e+00	0.0000000000e+00
9.3105812560e+04	3.2750152078e-14	0.0000000000e+00	0.0000000000e+00	0.0000000000e+00
9.3106055179e+04	3.4611242231e-14	0.0000000000e+00	0.0000000000e+00	0.0000000000e+00
9.3106300608e+04	3.4359444465e-14	0.0000000000e+00	0.0000000000e+00	0.0000000000e+00
9.3106548879e+04	3.4108302249e-14	0.0000000000e+00	0.0000000000e+00	0.0000000000e+00
9.3106800024e+04	3.3857688605e-14	0.0000000000e+00	0.0000000000e+00	0.0000000000e+00
9.3107054077e+04	3.3607356232e-14	0.0000000000e+00	0.0000000000e+00	0.0000000000e+00
9.3107311073e+04	3.3356944948e-14	0.0000000000e+00	0.0000000000e+00	0.0000000000e+00
9.3107571044e+04	3.3105992279e-14	0.0000000000e+00	0.0000000000e+00	0.0000000000e+00
9.3107834025e+04	3.2853948437e-14	0.0000000000e+00	0.0000000000e+00	0.0000000000e+00
9.3108100052e+04	3.4502798863e-14	0.0000000000e+00	0.0000000000e+00	0.0000000000e+00
9.3108369159e+04	3.4258596639e-14	0.0000000000e+00	0.0000000000e+00	0.0000000000e+00
9.3108641382e+04	3.4014687587e-14	0.0000000000e+00	0.0000000000e+00	0.0000000000e+00
9.3108916758e+04	3.3770965100e-14	0.0000000000e+00	0.0000000000e+00	0.0000000000e+00
9.3109195322e+04	3.3527201835e-14	0.0000000000e+00	0.0000000000e+00	0.0000000000e+00
9.3109477112e+04	3.3283057079e-14	0.0000000000e+00	0.0000000000e+00	0.0000000000e+00
9.3109762164e+04	3.3038088058e-14	0.0000000000e+00	0.0000000000e+00	0.0000000000e+00
9.3110050518e+04	3.2791765236e-14	0.0000000000e+00	0.0000000000e+00	0.0000000000e+00
9.3110342210e+04	3.2543491337e-14	0.0000000000e+00	0.0000000000e+00	0.0000000000e+00
9.3110637280e+04	3.2292623823e-14	0.0000000000e+00	0.0000000000e+00	0.0000000000e+00
9.3110935767e+04	3.2038500792e-14	0.0000000000e+00	0.0000000000e+00	0.0000000000e+00
9.3111237710e+04	3.1780470523e-14	0.0000000000e+00	0.0000000000e+00	0.0000000000e+00
9.3111543150e+04	3.1517924842e-14	0.0000000000e+00	0.0000000000e+00	0.0000000000e+00
9.3111852126e+04	3.3072120161e-14	0.0000000000e+00	0.0000000000e+00	0.0000000000e+00
9.3112164680e+04	3.2833162933e-14	0.0000000000e+00	0.0000000000e+00	0.0000000000e+00
9.3112480854e+04	3.2592907966e-14	0.0000000000e+00	0.0000000000e+00	0.0000000000e+00
9.3112800688e+04	3.2350741480e-14	0.0000000000e+00	0.0000000000e+00	0.0000000000e+00
9.3113124226e+04	3.2106011581e-14	0.0000000000e+00	0.0000000000e+00	0.0000000000e+00
9.3113451510e+04	3.1858058495e-14	0.0000000000e+00	0.0000000000e+00	0.0000000000e+00
9.3113782584e+04	3.1606249192e-14	0.0000000000e+00	0.0000000000e+00	0.0000000000e+00
9.3114117492e+04	3.3000294103e-14	0.0000000000e+00	0.0000000000e+00	0.0000000000e+00
9.3114456278e+04	3.2771257965e-14	0.0000000000e+00	0.0000000000e+00	0.0000000000e+00
9.3114798987e+04	3.2541530329e-14	0.0000000000e+00	0.0000000000e+00	0.0000000000e+00
9.3115145664e+04	3.2310458065e-14	0.0000000000e+00	0.0000000000e+00	0.0000000000e+00
9.3115496355e+04	3.2077337973e-14	0.0000000000e+00	0.0000000000e+00	0.0000000000e+00
9.3115851107e+04	3.1841448111e-14	0.0000000000e+00	0.0000000000e+00	0.0000000000e+00
9.3116209968e+04	3.3086768797e-14	0.0000000000e+00	0.0000000000e+00	0.0000000000e+00
9.3116572983e+04	3.2870047599e-14	0.0000000000e+00	0.0000000000e+00	0.0000000000e+00
9.3116940202e+04	3.2653441387e-14	0.0000000000e+00	0.0000000000e+00	0.0000000000e+00
9.3117311673e+04	3.2436263726e-14	0.0000000000e+00	0.0000000000e+00	0.0000000000e+00
9.3117687446e+04	3.2217745097e-14	0.0000000000e+00	0.0000000000e+00	0.0000000000e+00
9.3118067570e+04	3.1997065348e-14	0.0000000000e+00	0.0000000000e+00	0.0000000000e+00
9.3118452095e+04	3.3122886025e-14	0.0000000000e+00	0.0000000000e+00	0.0000000000e+00
9.3118841074e+04	3.2918205882e-14	0.0000000000e+00	0.0000000000e+00	0.0000000000e+00
9.3119234556e+04	3.2713818217e-14	0.0000000000e+00	0.0000000000e+00	0.0000000000e+00
9.3119632594e+04	3.2508973681e-14	0.0000000000e+00	0.0000000000e+00	0.0000000000e+00
9.3120035242e+04	3.2302824130e-14	0.0000000000e+00	0.0000000000e+00	0.0000000000e+00
9.3120442552e+04	3.2094455927e-14	0.0000000000e+00	0.0000000000e+00	0.0000000000e+00
9.3120854579e+04	3.1882930436e-14	0.0000000000e+00	0.0000000000e+00	0.0000000000e+00
9.3121271376e+04	3.1667331105e-14	0.0000000000e+00	0.0000000000e+00	0.0000000000e+00
9.3121693000e+04	3.1446816039e-14	0.0000000000e+00	0.0000000000e+00	0.0000000000e+00
9.3122119506e+04	3.1220673448e-14	0.0000000000e+00	0.0000000000e+00	0.0000000000e+00
9.3122550951e+04	3.0988375642e-14	0.0000000000e+00	0.0000000000e+00	0.0000000000e+00
9.3122987392e+04	3.2133662467e-14	0.0000000000e+00	0.0000000000e+00	0.0000000000e+00
9.3123428886e+04	3.1928894216e-14	0.0000000000e+00	0.0000000000e+00	0.0000000000e+00
9.3123875493e+04	3.1719466701e-14	0.0000000000e+00	0.0000000000e+00	0.0000000000e+00
9.3124327271e+04	3.1504531959e-14	0.0000000000e+00	0.0000000000e+00	0.0000000000e+00
9.3124784280e+04	3.1283387914e-14	0.0000000000e+00	0.0000000000e+00	0.0000000000e+00
9.3125246582e+04	3.1055535684e-14	0.0000000000e+00	0.0000000000e+00	0.0000000000e+00
9.3125714236e+04	3.2103847010e-14	0.0000000000e+00	0.0000000000e+00	0.0000000000e+00
9.3126187306e+04	3.1901138522e-14	0.0000000000e+00	0.0000000000e+00	0.0000000000e+00
9.3126665854e+04	3.1693401075e-14	0.0000000000e+00	0.0000000000e+00	0.0000000000e+00
9.3127149943e+04	3.1479882153e-14	0.0000000000e+00	0.0000000000e+00	0.0000000000e+00
9.3127639637e+04	3.1259993919e-14	0.0000000000e+00	0.0000000000e+00	0.0000000000e+00
9.3128135002e+04	3.2199722433e-14	0.0000000000e+00	0.0000000000e+00	0.0000000000e+00
9.3128636103e+04	3.2001867888e-14	0.0000000000e+00	0.0000000000e+00	0.0000000000e+00
9.3129143006e+04	3.1799859983e-14	0.0000000000e+00	0.0000000000e+00	0.0000000000e+00
9.3129655779e+04	3.1592948528e-14	0.0000000000e+00	0.0000000000e+00	0.0000000000e+00
9.3130174490e+04	3.1380503011e-14	0.0000000000e+00	0.0000000000e+00	0.0000000000e+00
9.3130699207e+04	3.2231851013e-14	0.0000000000e+00	0.0000000000e+00	0.0000000000e+00
9.3131230000e+04	3.2039644347e-14	0.0000000000e+00	0.0000000000e+00	0.0000000000e+00
9.3131766939e+04	3.1844377629e-14	0.0000000000e+00	0.0000000000e+00	0.0000000000e+00
9.3132310096e+04	3.1645276942e-14	0.0000000000e+00	0.0000000000e+00	0.0000000000e+00
9.3132859542e+04	3.1441641345e-14	0.0000000000e+00	0.0000000000e+00	0.0000000000e+00
9.3133415351e+04	3.1232906414e-14	0.0000000000e+00	0.0000000000e+00	0.0000000000e+00
9.3133977595e+04	3.1018707029e-14	0.0000000000e+00	0.0000000000e+00	0.0000000000e+00
9.3134546350e+04	3.0798930489e-14	0.0000000000e+00	0.0000000000e+00	0.0000000000e+00
9.3135121691e+04	3.0573750102e-14	0.0000000000e+00	0.0000000000e+00	0.0000000000e+00
9.3135703694e+04	3.0343631383e-14	0.0000000000e+00	0.0000000000e+00	0.0000000000e+00
9.3136292436e+04	3.1270165048e-14	0.0000000000e+00	0.0000000000e+00	0.0000000000e+00
9.3136887996e+04	3.1066843767e-14	0.0000000000e+00	0.0000000000e+00	0.0000000000e+00
9.3137490452e+04	3.0858006722e-14	0.0000000000e+00	0.0000000000e+00	0.0000000000e+00
9.3138099883e+04	3.0643614469e-14	0.0000000000e+00	0.0000000000e+00	0.0000000000e+00
9.3138716372e+04	3.0423932856e-14	0.0000000000e+00	0.0000000000e+00	0.0000000000e+00
9.3139340000e+04	3.1285594140e-14	0.0000000000e+00	0.0000000000e+00	0.0000000000e+00
9.3139970848e+04	3.1090677687e-14	0.0000000000e+00	0.0000000000e+00	0.0000000000e+00
9.3140609002e+04	3.0889665786e-14	0.0000000000e+00	0.0000000000e+00	0.0000000000e+00
9.3141254545e+04	3.0682406165e-14	0.0000000000e+00	0.0000000000e+00	0.0000000000e+00
9.3141907563e+04	3.1458919154e-14	0.0000000000e+00	0.0000000000e+00	0.0000000000e+00
9.3142568143e+04	3.1274024725e-14	0.0000000000e+00	0.0000000000e+00	0.0000000000e+00
9.3143236371e+04	3.1082689123e-14	0.0000000000e+00	0.0000000000e+00	0.0000000000e+00
9.3143912338e+04	3.0884478696e-14	0.0000000000e+00	0.0000000000e+00	0.0000000000e+00
9.3144596132e+04	3.0679319007e-14	0.0000000000e+00	0.0000000000e+00	0.0000000000e+00
9.3145287844e+04	3.1407056854e-14	0.0000000000e+00	0.0000000000e+00	0.0000000000e+00
9.3145987565e+04	3.1221997896e-14	0.0000000000e+00	0.0000000000e+00	0.0000000000e+00
9.3146695389e+04	3.1030005295e-14	0.0000000000e+00	0.0000000000e+00	0.0000000000e+00
9.3147411409e+04	3.0830857689e-14	0.0000000000e+00	0.0000000000e+00	0.0000000000e+00
9.3148135720e+04	3.0624727451e-14	0.0000000000e+00	0.0000000000e+00	0.0000000000e+00
9.3148868418e+04	3.0412190397e-14	0.0000000000e+00	0.0000000000e+00	0.0000000000e+00
9.3149609601e+04	3.0194189940e-14	0.0000000000e+00	0.0000000000e+00	0.0000000000e+00
9.3150359366e+04	2.9971957427e-14	0.0000000000e+00	0.0000000000e+00	0.0000000000e+00
9.3151117813e+04	3.0730646814e-14	0.0000000000e+00	0.0000000000e+00	0.0000000000e+00
9.3151885042e+04	3.0524540318e-14	0.0000000000e+00	0.0000000000e+00	0.0000000000e+00
9.3152661156e+04	3.0313119803e-14	0.0000000000e+00	0.0000000000e+00	0.0000000000e+00
9.3153446256e+04	3.0097527973e-14	0.0000000000e+00	0.0000000000e+00	0.0000000000e+00
9.3154240447e+04	3.0800407444e-14	0.0000000000e+00	0.0000000000e+00	0.0000000000e+00
9.3155043835e+04	3.0602761271e-14	0.0000000000e+00	0.0000000000e+00	0.0000000000e+00
9.3155856526e+04	3.0400062029e-14	0.0000000000e+00	0.0000000000e+00	0.0000000000e+00
9.3156678627e+04	3.0193219198e-14	0.0000000000e+00	0.0000000000e+00	0.0000000000e+00
9.3157510247e+04	3.0849227973e-14	0.0000000000e+00	0.0000000000e+00	0.0000000000e+00
9.3158351497e+04	3.0660889201e-14	0.0000000000e+00	0.0000000000e+00	0.0000000000e+00
9.3159202489e+04	3.0467318977e-14	0.0000000000e+00	0.0000000000e+00	0.0000000000e+00
9.3160063334e+04	3.0269136984e-14	0.0000000000e+00	0.0000000000e+00	0.0000000000e+00
9.3160934148e+04	3.0884377999e-14	0.0000000000e+00	0.0000000000e+00	0.0000000000e+00
9.3161815045e+04	3.0703578050e-14	0.0000000000e+00	0.0000000000e+00	0.0000000000e+00
9.3162706142e+04	3.0516804599e-14	0.0000000000e+00	0.0000000000e+00	0.0000000000e+00
9.3163607558e+04	3.0324487303e-14	0.0000000000e+00	0.0000000000e+00	0.0000000000e+00
9.3164519412e+04	3.0127413321e-14	0.0000000000e+00	0.0000000000e+00	0.0000000000e+00
9.3165441824e+04	2.9926630494e-14	0.0000000000e+00	0.0000000000e+00	0.0000000000e+00
9.3166374918e+04	2.9723315151e-14	0.0000000000e+00	0.0000000000e+00	0.0000000000e+00
9.3167318816e+04	2.9518626102e-14	0.0000000000e+00	0.0000000000e+00	0.0000000000e+00
9.3168273644e+04	3.0154983134e-14	0.0000000000e+00	0.0000000000e+00	0.0000000000e+00
9.3169239529e+04	2.9954875623e-14	0.0000000000e+00	0.0000000000e+00	0.0000000000e+00
9.3170216598e+04	2.9751854858e-14	0.0000000000e+00	0.0000000000e+00	0.0000000000e+00
9.3171204981e+04	2.9547324448e-14	0.0000000000e+00	0.0000000000e+00	0.0000000000e+00
9.3172204808e+04	3.0146135356e-14	0.0000000000e+00	0.0000000000e+00	0.0000000000e+00
9.3173216213e+04	2.9946514303e-14	0.0000000000e+00	0.0000000000e+00	0.0000000000e+00
9.3174239330e+04	2.9744597797e-14	0.0000000000e+00	0.0000000000e+00	0.0000000000e+00
9.3175274294e+04	3.0302751669e-14	0.0000000000e+00	0.0000000000e+00	0.0000000000e+00
9.3176321242e+04	3.0109192869e-14	0.0000000000e+00	0.0000000000e+00	0.0000000000e+00
9.3177380314e+04	2.9912788337e-14	0.0000000000e+00	0.0000000000e+00	0.0000000000e+00
9.3178451648e+04	2.9715156445e-14	0.0000000000e+00	0.0000000000e+00	0.0000000000e+00
9.3179535388e+04	3.0248203958e-14	0.0000000000e+00	0.0000000000e+00	0.0000000000e+00
9.3180631678e+04	3.0059671146e-14	0.0000000000e+00	0.0000000000e+00	0.0000000000e+00
9.3181740662e+04	2.9869056387e-14	0.0000000000e+00	0.0000000000e+00	0.0000000000e+00
9.3182862487e+04	2.9677763314e-14	0.0000000000e+00	0.0000000000e+00	0.0000000000e+00
9.3183997302e+04	2.9487014641e-14	0.0000000000e+00	0.0000000000e+00	0.0000000000e+00
9.3185145258e+04	2.9297687614e-14	0.0000000000e+00	0.0000000000e+00	0.0000000000e+00
9.3186306507e+04	2.9110198400e-14	0.0000000000e+00	0.0000000000e+00	0.0000000000e+00
9.3187481202e+04	2.9634182203e-14	0.0000000000e+00	0.0000000000e+00	0.0000000000e+00
9.3188669499e+04	2.9447571588e-14	0.0000000000e+00	0.0000000000e+00	0.0000000000e+00
9.3189871557e+04	2.9261631894e-14	0.0000000000e+00	0.0000000000e+00	0.0000000000e+00
9.3191087533e+04	2.9758823995e-14	0.0000000000e+00	0.0000000000e+00	0.0000000000e+00
9.3192317590e+04	2.9573007996e-14	0.0000000000e+00	0.0000000000e+00	0.0000000000e+00
9.3193561890e+04	2.9386817349e-14	0.0000000000e+00	0.0000000000e+00	0.0000000000e+00
9.3194820599e+04	2.9856825729e-14	0.0000000000e+00	0.0000000000e+00	0.0000000000e+00
9.3196093882e+04	2.9671095800e-14	0.0000000000e+00	0.0000000000e+00	0.0000000000e+00
9.3197381910e+04	2.9484556634e-14	0.0000000000e+00	0.0000000000e+00	0.0000000000e+00
9.3198684852e+04	2.9298410146e-14	0.0000000000e+00	0.0000000000e+00	0.0000000000e+00
9.3200002882e+04	2.9744563598e-14	0.0000000000e+00	0.0000000000e+00	0.0000000000e+00
9.3201336174e+04	2.9559532648e-14	0.0000000000e+00	0.0000000000e+00	0.0000000000e+00
9.3202684904e+04	2.9375309892e-14	0.0000000000e+00	0.0000000000e+00	0.0000000000e+00
9.3204049252e+04	2.9192905550e-14	0.0000000000e+00	0.0000000000e+00	0.0000000000e+00
9.3205429399e+04	2.9012744803e-14	0.0000000000e+00	0.0000000000e+00	0.0000000000e+00
9.3206825527e+04	2.8834627575e-14	0.0000000000e+00	0.0000000000e+00	0.0000000000e+00
9.3208237821e+04	2.9261821922e-14	0.0000000000e+00	0.0000000000e+00	0.0000000000e+00
9.3209666469e+04	2.9086059650e-14	0.0000000000e+00	0.0000000000e+00	0.0000000000e+00
9.3211111660e+04	2.8912326920e-14	0.0000000000e+00	0.0000000000e+00	0.0000000000e+00
9.3212573585e+04	2.9322323674e-14	0.0000000000e+00	0.0000000000e+00	0.0000000000e+00
9.3214052439e+04	2.9149684773e-14	0.0000000000e+00	0.0000000000e+00	0.0000000000e+00
9.3215548417e+04	2.8978331791e-14	0.0000000000e+00	0.0000000000e+00	0.0000000000e+00
9.3217061717e+04	2.9369955704e-14	0.0000000000e+00	0.0000000000e+00	0.0000000000e+00
9.3218592541e+04	2.9197867290e-14	0.0000000000e+00	0.0000000000e+00	0.0000000000e+00
9.3220141091e+04	2.9026372225e-14	0.0000000000e+00	0.0000000000e+00	0.0000000000e+00
9.3221707572e+04	2.9398597129e-14	0.0000000000e+00	0.0000000000e+00	0.0000000000e+00
9.3223292192e+04	2.9225627919e-14	0.0000000000e+00	0.0000000000e+00	0.0000000000e+00
9.3224895161e+04	2.9053364654e-14	0.0000000000e+00	0.0000000000e+00	0.0000000000e+00
9.3226516692e+04	2.8881657023e-14	0.0000000000e+00	0.0000000000e+00	0.0000000000e+00
9.3228156999e+04	2.8709881688e-14	0.0000000000e+00	0.0000000000e+00	0.0000000000e+00
9.3229816300e+04	2.9063775795e-14	0.0000000000e+00	0.0000000000e+00	0.0000000000e+00
9.3231494815e+04	2.8894267228e-14	0.0000000000e+00	0.0000000000e+00	0.0000000000e+00
9.3233192766e+04	2.8725659800e-14	0.0000000000e+00	0.0000000000e+00	0.0000000000e+00
9.3234910379e+04	2.9066360716e-14	0.0000000000e+00	0.0000000000e+00	0.0000000000e+00
9.3236647880e+04	2.8901157561e-14	0.0000000000e+00	0.0000000000e+00	0.0000000000e+00
9.3238405501e+04	2.8736985148e-14	0.0000000000e+00	0.0000000000e+00	0.0000000000e+00
9.3240183474e+04	2.9065820379e-14	0.0000000000e+00	0.0000000000e+00	0.0000000000e+00
9.3241982035e+04	2.8904215271e-14	0.0000000000e+00	0.0000000000e+00	0.0000000000e+00
9.3243801423e+04	2.8742723913e-14	0.0000000000e+00	0.0000000000e+00	0.0000000000e+00
9.3245641878e+04	2.9058149062e-14	0.0000000000e+00	0.0000000000e+00	0.0000000000e+00
9.3247503644e+04	2.8897263336e-14	0.0000000000e+00	0.0000000000e+00	0.0000000000e+00
9.3249386969e+04	2.8735502078e-14	0.0000000000e+00	0.0000000000e+00	0.0000000000e+00
9.3251292101e+04	2.8571386793e-14	0.0000000000e+00	0.0000000000e+00	0.0000000000e+00
9.3253219294e+04	2.8403474139e-14	0.0000000000e+00	0.0000000000e+00	0.0000000000e+00
9.3255168803e+04	2.8711367235e-14	0.0000000000e+00	0.0000000000e+00	0.0000000000e+00
9.3257140886e+04	2.8546633109e-14	0.0000000000e+00	0.0000000000e+00	0.0000000000e+00
9.3259135804e+04	2.8378733660e-14	0.0000000000e+00	0.0000000000e+00	0.0000000000e+00
9.3261153823e+04	2.8675824109e-14	0.0000000000e+00	0.0000000000e+00	0.0000000000e+00
9.3263195209e+04	2.8513261286e-14	0.0000000000e+00	0.0000000000e+00	0.0000000000e+00
9.3265260234e+04	2.8795376893e-14	0.0000000000e+00	0.0000000000e+00	0.0000000000e+00
9.3267349170e+04	2.8637823340e-14	0.0000000000e+00	0.0000000000e+00	0.0000000000e+00
9.3269462295e+04	2.8478586477e-14	0.0000000000e+00	0.0000000000e+00	0.0000000000e+00
9.3271599889e+04	2.8753522970e-14	0.0000000000e+00	0.0000000000e+00	0.0000000000e+00
9.3273762235e+04	2.8598260421e-14	0.0000000000e+00	0.0000000000e+00	0.0000000000e+00
9.3275949620e+04	2.8439736484e-14	0.0000000000e+00	0.0000000000e+00	0.0000000000e+00
9.3278162333e+04	2.8276229394e-14	0.0000000000e+00	0.0000000000e+00	0.0000000000e+00
9.3280400669e+04	2.8106751043e-14	0.0000000000e+00	0.0000000000e+00	0.0000000000e+00
9.3282664923e+04	2.8387914509e-14	0.0000000000e+00	0.0000000000e+00	0.0000000000e+00
9.3284955396e+04	2.8221328138e-14	0.0000000000e+00	0.0000000000e+00	0.0000000000e+00
9.3287272391e+04	2.8484842831e-14	0.0000000000e+00	0.0000000000e+00	0.0000000000e+00
9.3289616216e+04	2.8321880816e-14	0.0000000000e+00	0.0000000000e+00	0.0000000000e+00
9.3291987182e+04	2.8570799399e-14	0.0000000000e+00	0.0000000000e+00	0.0000000000e+00
9.3294385601e+04	2.8412681965e-14	0.0000000000e+00	0.0000000000e+00	0.0000000000e+00
9.3296811794e+04	2.8250916063e-14	0.0000000000e+00	0.0000000000e+00	0.0000000000e+00
9.3299266080e+04	2.8497214013e-14	0.0000000000e+00	0.0000000000e+00	0.0000000000e+00
9.3301748785e+04	2.8341244742e-14	0.0000000000e+00	0.0000000000e+00	0.0000000000e+00
9.3304260239e+04	2.8180789657e-14	0.0000000000e+00	0.0000000000e+00	0.0000000000e+00
9.3306800774e+04	2.8015279289e-14	0.0000000000e+00	0.0000000000e+00	0.0000000000e+00
9.3309370727e+04	2.8267172191e-14	0.0000000000e+00	0.0000000000e+00	0.0000000000e+00
9.3311970439e+04	2.8104159919e-14	0.0000000000e+00	0.0000000000e+00	0.0000000000e+00
9.3314600253e+04	2.7935335391e-14	0.0000000000e+00	0.0000000000e+00	0.0000000000e+00
9.3317260520e+04	2.8180070368e-14	0.0000000000e+00	0.0000000000e+00	0.0000000000e+00
9.3319951591e+04	2.8012760784e-14	0.0000000000e+00	0.0000000000e+00	0.0000000000e+00
9.3322673824e+04	2.8244675084e-14	0.0000000000e+00	0.0000000000e+00	0.0000000000e+00
9.3325427578e+04	2.8080530607e-14	0.0000000000e+00	0.0000000000e+00	0.0000000000e+00
9.3328213219e+04	2.8302187802e-14	0.0000000000e+00	0.0000000000e+00	0.0000000000e+00
9.3331031117e+04	2.8142871268e-14	0.0000000000e+00	0.0000000000e+00	0.0000000000e+00
9.3333881644e+04	2.7979614350e-14	0.0000000000e+00	0.0000000000e+00	0.0000000000e+00
9.3336765179e+04	2.7813492366e-14	0.0000000000e+00	0.0000000000e+00	0.0000000000e+00
9.3339682103e+04	2.8042296228e-14	0.0000000000e+00	0.0000000000e+00	0.0000000000e+00
9.3342632804e+04	2.7878619327e-14	0.0000000000e+00	0.0000000000e+00	0.0000000000e+00
9.3345617672e+04	2.7711849512e-14	0.0000000000e+00	0.0000000000e+00	0.0000000000e+00
9.3348637104e+04	2.7934060147e-14	0.0000000000e+00	0.0000000000e+00	0.0000000000e+00
9.3351691499e+04	2.7766867493e-14	0.0000000000e+00	0.0000000000e+00	0.0000000000e+00
9.3354781262e+04	2.7978694055e-14	0.0000000000e+00	0.0000000000e+00	0.0000000000e+00
9.3357906803e+04	2.7812020688e-14	0.0000000000e+00	0.0000000000e+00	0.0000000000e+00
9.3361068536e+04	2.8015553237e-14	0.0000000000e+00	0.0000000000e+00	0.0000000000e+00
9.3364266880e+04	2.7851568592e-14	0.0000000000e+00	0.0000000000e+00	0.0000000000e+00
9.3367502259e+04	2.7686747570e-14	0.0000000000e+00	0.0000000000e+00	0.0000000000e+00
9.3370775102e+04	2.7523029987e-14	0.0000000000e+00	0.0000000000e+00	0.0000000000e+00
9.3374085843e+04	2.7727036634e-14	0.0000000000e+00	0.0000000000e+00	0.0000000000e+00
9.3377434921e+04	2.7565111339e-14	0.0000000000e+00	0.0000000000e+00	0.0000000000e+00
9.3380822779e+04	2.7761931490e-14	0.0000000000e+00	0.0000000000e+00	0.0000000000e+00
9.3384249866e+04	2.7599566930e-14	0.0000000000e+00	0.0000000000e+00	0.0000000000e+00
9.3387716637e+04	2.7787725827e-14	0.0000000000e+00	0.0000000000e+00	0.0000000000e+00
9.3391223552e+04	2.7624337604e-14	0.0000000000e+00	0.0000000000e+00	0.0000000000e+00
9.3394771075e+04	2.7804811809e-14	0.0000000000e+00	0.0000000000e+00	0.0000000000e+00
9.3398359676e+04	2.7642249909e-14	0.0000000000e+00	0.0000000000e+00	0.0000000000e+00
9.3401989831e+04	2.7481247054e-14	0.0000000000e+00	0.0000000000e+00	0.0000000000e+00
9.3405662021e+04	2.7322767587e-14	0.0000000000e+00	0.0000000000e+00	0.0000000000e+00
9.3409376734e+04	2.7499982199e-14	0.0000000000e+00	0.0000000000e+00	0.0000000000e+00
9.3413134460e+04	2.7672468233e-14	0.0000000000e+00	0.0000000000e+00	0.0000000000e+00
9.3416935699e+04	2.7515846018e-14	0.0000000000e+00	0.0000000000e+00	0.0000000000e+00
9.3420780955e+04	2.7681929661e-14	0.0000000000e+00	0.0000000000e+00	0.0000000000e+00
9.3424670736e+04	2.7524494795e-14	0.0000000000e+00	0.0000000000e+00	0.0000000000e+00
9.3428605559e+04	2.7683158902e-14	0.0000000000e+00	0.0000000000e+00	0.0000000000e+00
9.3432585945e+04	2.7525179416e-14	0.0000000000e+00	0.0000000000e+00	0.0000000000e+00
9.3436612422e+04	2.7368694572e-14	0.0000000000e+00	0.0000000000e+00	0.0000000000e+00
9.3440685523e+04	2.7213709263e-14	0.0000000000e+00	0.0000000000e+00	0.0000000000e+00
9.3444805788e+04	2.7368504292e-14	0.0000000000e+00	0.0000000000e+00	0.0000000000e+00
9.3448973764e+04	2.7216437884e-14	0.0000000000e+00	0.0000000000e+00	0.0000000000e+00
9.3453190002e+04	2.7367796179e-14	0.0000000000e+00	0.0000000000e+00	0.0000000000e+00
9.3457455063e+04	2.7513782723e-14	0.0000000000e+00	0.0000000000e+00	0.0000000000e+00
9.3461769510e+04	2.7362457183e-14	0.0000000000e+00	0.0000000000e+00	0.0000000000e+00
9.3466133917e+04	2.7501992056e-14	0.0000000000e+00	0.0000000000e+00	0.0000000000e+00
9.3470548861e+04	2.7349841059e-14	0.0000000000e+00	0.0000000000e+00	0.0000000000e+00
9.3475014927e+04	2.7197590906e-14	0.0000000000e+00	0.0000000000e+00	0.0000000000e+00
9.3479532708e+04	2.7043959219e-14	0.0000000000e+00	0.0000000000e+00	0.0000000000e+00
9.3484102803e+04	2.7183012730e-14	0.0000000000e+00	0.0000000000e+00	0.0000000000e+00
9.3488725817e+04	2.7316455209e-14	0.0000000000e+00	0.0000000000e+00	0.0000000000e+00
9.3493402362e+04	2.7168267342e-14	0.0000000000e+00	0.0000000000e+00	0.0000000000e+00
9.3498133060e+04	2.7298164299e-14	0.0000000000e+00	0.0000000000e+00	0.0000000000e+00
9.3502918537e+04	2.7149311129e-14	0.0000000000e+00	0.0000000000e+00	0.0000000000e+00
9.3507759426e+04	2.7273835587e-14	0.0000000000e+00	0.0000000000e+00	0.0000000000e+00
9.3512656371e+04	2.7123532258e-14	0.0000000000e+00	0.0000000000e+00	0.0000000000e+00
9.3517610019e+04	2.6969693645e-14	0.0000000000e+00	0.0000000000e+00	0.0000000000e+00
9.3522621028e+04	2.7094469414e-14	0.0000000000e+00	0.0000000000e+00	0.0000000000e+00
9.3527690062e+04	2.6941868038e-14	0.0000000000e+00	0.0000000000e+00	0.0000000000e+00
9.3532817793e+04	2.7065465342e-14	0.0000000000e+00	0.0000000000e+00	0.0000000000e+00
9.3538004899e+04	2.7182572184e-14	0.0000000000e+00	0.0000000000e+00	0.0000000000e+00
9.3543252070e+04	2.7033493384e-14	0.0000000000e+00	0.0000000000e+00	0.0000000000e+00
9.3548560000e+04	2.7146433390e-14	0.0000000000e+00	0.0000000000e+00	0.0000000000e+00
9.3553929393e+04	2.6994982992e-14	0.0000000000e+00	0.0000000000e+00	0.0000000000e+00
9.3559360961e+04	2.6838803870e-14	0.0000000000e+00	0.0000000000e+00	0.0000000000e+00
9.3564855423e+04	2.6952950594e-14	0.0000000000e+00	0.0000000000e+00	0.0000000000e+00
9.3570413508e+04	2.7062104110e-14	0.0000000000e+00	0.0000000000e+00	0.0000000000e+00
9.3576035952e+04	2.6911131199e-14	0.0000000000e+00	0.0000000000e+00	0.0000000000e+00
9.3581723502e+04	2.7019016423e-14	0.0000000000e+00	0.0000000000e+00	0.0000000000e+00
9.3587476910e+04	2.7120576747e-14	0.0000000000e+00	0.0000000000e+00	0.0000000000e+00
9.3593296940e+04	2.6970572600e-14	0.0000000000e+00	0.0000000000e+00	0.0000000000e+00
9.3599184362e+04	2.6815376420e-14	0.0000000000e+00	0.0000000000e+00	0.0000000000e+00
9.3605139957e+04	2.6916958806e-14	0.0000000000e+00	0.0000000000e+00	0.0000000000e+00
9.3611164515e+04	2.6761995022e-14	0.0000000000e+00	0.0000000000e+00	0.0000000000e+00
9.3617258834e+04	2.6863179032e-14	0.0000000000e+00	0.0000000000e+00	0.0000000000e+00
9.3623423722e+04	2.6960343758e-14	0.0000000000e+00	0.0000000000e+00	0.0000000000e+00
9.3629659996e+04	2.6808186817e-14	0.0000000000e+00	0.0000000000e+00	0.0000000000e+00
9.3635968483e+04	2.6902144528e-14	0.0000000000e+00	0.0000000000e+00	0.0000000000e+00
9.3642350018e+04	2.6747510892e-14	0.0000000000e+00	0.0000000000e+00	0.0000000000e+00
9.3648805448e+04	2.6592117639e-14	0.0000000000e+00	0.0000000000e+00	0.0000000000e+00
9.3655335629e+04	2.6684079741e-14	0.0000000000e+00	0.0000000000e+00	0.0000000000e+00
9.3661941425e+04	2.6774089206e-14	0.0000000000e+00	0.0000000000e+00	0.0000000000e+00
9.3668623713e+04	2.6622008964e-14	0.0000000000e+00	0.0000000000e+00	0.0000000000e+00
9.3675383379e+04	2.6709559934e-14	0.0000000000e+00	0.0000000000e+00	0.0000000000e+00
9.3682221317e+04	2.6793377133e-14	0.0000000000e+00	0.0000000000e+00	0.0000000000e+00
9.3689138435e+04	2.6640261597e-14	0.0000000000e+00	0.0000000000e+00	0.0000000000e+00
9.3696135650e+04	2.6488913896e-14	0.0000000000e+00	0.0000000000e+00	0.0000000000e+00
9.3703213888e+04	2.6569317964e-14	0.0000000000e+00	0.0000000000e+00	0.0000000000e+00
9.3710374089e+04	2.6648425046e-14	0.0000000000e+00	0.0000000000e+00	0.0000000000e+00
9.3717617200e+04	2.6500414178e-14	0.0000000000e+00	0.0000000000e+00	0.0000000000e+00
9.3724944183e+04	2.6576508570e-14	0.0000000000e+00	0.0000000000e+00	0.0000000000e+00
9.3732356009e+04	2.6649509074e-14	0.0000000000e+00	0.0000000000e+00	0.0000000000e+00
9.3739853659e+04	2.6500806815e-14	0.0000000000e+00	0.0000000000e+00	0.0000000000e+00
9.3747438129e+04	2.6354570686e-14	0.0000000000e+00	0.0000000000e+00	0.0000000000e+00
9.3755110422e+04	2.6425286633e-14	0.0000000000e+00	0.0000000000e+00	0.0000000000e+00
9.3762871556e+04	2.6494273823e-14	0.0000000000e+00	0.0000000000e+00	0.0000000000e+00
9.3770722560e+04	2.6560968763e-14	0.0000000000e+00	0.0000000000e+00	0.0000000000e+00
9.3778664474e+04	2.6624868213e-14	0.0000000000e+00	0.0000000000e+00	0.0000000000e+00
9.3786698351e+04	2.6479430000e-14	0.0000000000e+00	0.0000000000e+00	0.0000000000e+00
9.3794825256e+04	2.6335622681e-14	0.0000000000e+00	0.0000000000e+00	0.0000000000e+00
9.3803046266e+04	2.6397570666e-14	0.0000000000e+00	0.0000000000e+00	0.0000000000e+00
9.3811362471e+04	2.6457828467e-14	0.0000000000e+00	0.0000000000e+00	0.0000000000e+00
9.3819774973e+04	2.6316342208e-14	0.0000000000e+00	0.0000000000e+00	0.0000000000e+00
9.3828284888e+04	2.6374190469e-14	0.0000000000e+00	0.0000000000e+00	0.0000000000e+00
9.3836893342e+04	2.6428925944e-14	0.0000000000e+00	0.0000000000e+00	0.0000000000e+00
9.3845601478e+04	2.6286589280e-14	0.0000000000e+00	0.0000000000e+00	0.0000000000e+00
9.3854410449e+04	2.6341356695e-14	0.0000000000e+00	0.0000000000e+00	0.0000000000e+00
9.3863321423e+04	2.6394231508e-14	0.0000000000e+00	0.0000000000e+00	0.0000000000e+00
9.3872335582e+04	2.6252814076e-14	0.0000000000e+00	0.0000000000e+00	0.0000000000e+00
9.3881454119e+04	2.6303804788e-14	0.0000000000e+00	0.0000000000e+00	0.0000000000e+00
9.3890678244e+04	2.6351910261e-14	0.0000000000e+00	0.0000000000e+00	0.0000000000e+00
9.3900009180e+04	2.6208819909e-14	0.0000000000e+00	0.0000000000e+00	0.0000000000e+00
9.3909448162e+04	2.6258127998e-14	0.0000000000e+00	0.0000000000e+00	0.0000000000e+00
9.3918996443e+04	2.6305167921e-14	0.0000000000e+00	0.0000000000e+00	0.0000000000e+00
9.3928655288e+04	2.6160650201e-14	0.0000000000e+00	0.0000000000e+00	0.0000000000e+00
9.3938425977e+04	2.6206087168e-14	0.0000000000e+00	0.0000000000e+00	0.0000000000e+00
9.3948309805e+04	2.6249325246e-14	0.0000000000e+00	0.0000000000e+00	0.0000000000e+00
9.3958308083e+04	2.6102760958e-14	0.0000000000e+00	0.0000000000e+00	0.0000000000e+00
9.3968422135e+04	2.6147356949e-14	0.0000000000e+00	0.0000000000e+00	0.0000000000e+00
9.3978653302e+04	2.6189188574e-14	0.0000000000e+00	0.0000000000e+00	0.0000000000e+00
9.3989002941e+04	2.6227940246e-14	0.0000000000e+00	0.0000000000e+00	0.0000000000e+00
9.3999472423e+04	2.6079757375e-14	0.0000000000e+00	0.0000000000e+00	0.0000000000e+00
9.4010063135e+04	2.6119107522e-14	0.0000000000e+00	0.0000000000e+00	0.0000000000e+00
9.4020776483e+04	2.5969137102e-14	0.0000000000e+00	0.0000000000e+00	0.0000000000e+00
9.4031613885e+04	2.6007960175e-14	0.0000000000e+00	0.0000000000e+00	0.0000000000e+00
9.4042576778e+04	2.6044104936e-14	0.0000000000e+00	0.0000000000e+00	0.0000000000e+00
9.4053666616e+04	2.6078375295e-14	0.0000000000e+00	0.0000000000e+00	0.0000000000e+00
9.4064884868e+04	2.6111758713e-14	0.0000000000e+00	0.0000000000e+00	0.0000000000e+00
9.4076233021e+04	2.5963048619e-14	0.0000000000e+00	0.0000000000e+00	0.0000000000e+00
9.4087712579e+04	2.5995637113e-14	0.0000000000e+00	0.0000000000e+00	0.0000000000e+00
9.4099325065e+04	2.6025800203e-14	0.0000000000e+00	0.0000000000e+00	0.0000000000e+00
9.4111072017e+04	2.6054492768e-14	0.0000000000e+00	0.0000000000e+00	0.0000000000e+00
9.4122954992e+04	2.6082546332e-14	0.0000000000e+00	0.0000000000e+00	0.0000000000e+00
9.4134975565e+04	2.5935224017e-14	0.0000000000e+00	0.0000000000e+00	0.0000000000e+00
9.4147135331e+04	2.5789000393e-14	0.0000000000e+00	0.0000000000e+00	0.0000000000e+00
9.4159435899e+04	2.5815133781e-14	0.0000000000e+00	0.0000000000e+00	0.0000000000e+00
9.4171878902e+04	2.5840398033e-14	0.0000000000e+00	0.0000000000e+00	0.0000000000e+00
9.4184465987e+04	2.5865075551e-14	0.0000000000e+00	0.0000000000e+00	0.0000000000e+00
9.4197198825e+04	2.5888224848e-14	0.0000000000e+00	0.0000000000e+00	0.0000000000e+00
9.4210079101e+04	2.5744236589e-14	0.0000000000e+00	0.0000000000e+00	0.0000000000e+00
9.4223108524e+04	2.5765399056e-14	0.0000000000e+00	0.0000000000e+00	0.0000000000e+00
9.4236288821e+04	2.5786028191e-14	0.0000000000e+00	0.0000000000e+00	0.0000000000e+00
9.4249621738e+04	2.5805637339e-14	0.0000000000e+00	0.0000000000e+00	0.0000000000e+00
9.4263109044e+04	2.5823487024e-14	0.0000000000e+00	0.0000000000e+00	0.0000000000e+00
9.4276752524e+04	2.5681204090e-14	0.0000000000e+00	0.0000000000e+00	0.0000000000e+00
9.4290553989e+04	2.5698726645e-14	0.0000000000e+00	0.0000000000e+00	0.0000000000e+00
9.4304515268e+04	2.5715229561e-14	0.0000000000e+00	0.0000000000e+00	0.0000000000e+00
9.4318638210e+04	2.5729741235e-14	0.0000000000e+00	0.0000000000e+00	0.0000000000e+00
9.4332924689e+04	2.5742695694e-14	0.0000000000e+00	0.0000000000e+00	0.0000000000e+00
9.4347376597e+04	2.5755318621e-14	0.0000000000e+00	0.0000000000e+00	0.0000000000e+00
9.4361995850e+04	2.5767491403e-14	0.0000000000e+00	0.0000000000e+00	0.0000000000e+00
9.4376784386e+04	2.5778114896e-14	0.0000000000e+00	0.0000000000e+00	0.0000000000e+00
9.4391744165e+04	2.5787253519e-14	0.0000000000e+00	0.0000000000e+00	0.0000000000e+00
9.4404340000e+04	0.0000000000e+00	0.0000000000e+00	0.0000000000e+00	0.0000000000e+00
9.4406877171e+04	2.5645741106e-14	4.9372452132e-20	9.4753940293e-23	6.2980511572e-14
9.4419618858e+04	2.5678657328e-14	3.0443491876e-20	3.4848376982e-22	4.2001134161e-14
9.4422185408e+04	2.5654824411e-14	2.8544651968e-20	3.8090277620e-22	4.1022436584e-14
9.4435074637e+04	2.5686151862e-14	1.0976491594e-20	2.4985545283e-22	3.8084363403e-14
9.4437670906e+04	2.5662230278e-14	8.5970100041e-21	2.1181536484e-22	3.7718076999e-14
9.4450709386e+04	2.5692265953e-14	5.9097279121e-21	2.0063006802e-22	3.6339217372e-14
9.4453335718e+04	2.5668428446e-14	6.0966267143e-21	2.1827833822e-22	3.6116121810e-14
9.4466525177e+04	2.5698074079e-14	6.1721866429e-21	2.7779415939e-22	3.5290261508e-14
9.4469181920e+04	2.5674399717e-14	6.3734190264e-21	2.9853224387e-22	3.5135636155e-14
9.4482524105e+04	2.5554598195e-14	9.0520924949e-21	5.0636612194e-22	3.4543163481e-14
9.4485211613e+04	2.5530341901e-14	9.4684374418e-21	5.4681110028e-22	3.4445743913e-14
9.4498708293e+04	2.5559405343e-14	8.5802463001e-21	5.7269453863e-22	3.3969131973e-14
9.4501426920e+04	2.5535080310e-14	7.9472577130e-21	5.4467936839e-22	3.3893419070e-14
9.4515079885e+04	2.5563038595e-14	5.2159897442e-21	4.0386664187e-22	3.3549046809e-14
9.4517829992e+04	2.5538826003e-14	4.9690796635e-21	3.9354683955e-22	3.3478311019e-14
9.4531641050e+04	2.5566328938e-14	4.8825968184e-21	4.2961559582e-22	3.3183879739e-14
9.4534423003e+04	2.5542224481e-14	4.9093074009e-21	4.4055860005e-22	3.3132515680e-14
9.4548393985e+04	2.5568630060e-14	4.5509008505e-21	4.4793999358e-22	3.2862711401e-14
9.4551208151e+04	2.5544451176e-14	4.4806506818e-21	4.4877806171e-22	3.2813018870e-14
9.4565340910e+04	2.5569357365e-14	5.3060680418e-21	5.7702992175e-22	3.2596875521e-14
9.4568187662e+04	2.5545172192e-14	5.7447438309e-21	6.3456164909e-22	3.2552772089e-14
9.4582484071e+04	2.5569426998e-14	8.2065307068e-21	9.7617607627e-22	3.2339374871e-14
9.4585363787e+04	2.5545405987e-14	8.5569397322e-21	1.0323263762e-21	3.2302986591e-14
9.4599825740e+04	2.5569192651e-14	8.9647177740e-21	1.1567749986e-21	3.2128735449e-14
9.4602738802e+04	2.5545217710e-14	8.8033141091e-21	1.1506629988e-21	3.2092282078e-14
9.4617368217e+04	2.5567682949e-14	7.2673591135e-21	1.0102083219e-21	3.1929148022e-14
9.4620315010e+04	2.5543637046e-14	6.9070899200e-21	9.7154186004e-22	3.1901462228e-14
9.4635113826e+04	2.5424272390e-14	5.5358380184e-21	8.2407570761e-22	3.1760212952e-14
9.4638094741e+04	2.5400594435e-14	5.3874581809e-21	8.1078787397e-22	3.1731003267e-14
9.4653064919e+04	2.5422456900e-14	5.1593167175e-21	8.1829269718e-22	3.1603880488e-14
9.4656080352e+04	2.5398935647e-14	5.1668341402e-21	8.2782828239e-22	3.1581466305e-14
9.4671223876e+04	2.5419876178e-14	5.1622284422e-21	8.6847384582e-22	3.1461730840e-14
9.4674274226e+04	2.5534232972e-14	5.1472895058e-21	8.7417715717e-22	3.1436986867e-14
9.4689593104e+04	2.5552910376e-14	5.1964895286e-21	9.2371420819e-22	3.1328437955e-14
9.4692678776e+04	2.5529098352e-14	5.2605034861e-21	9.4339434085e-22	3.1308628281e-14
9.4708175038e+04	2.5411515587e-14	5.8067647647e-21	1.0868491638e-21	3.1202103569e-14
9.4711296440e+04	2.5388204489e-14	5.9257250327e-21	1.1183587710e-21	3.1180289226e-14
9.4726972140e+04	2.5406747556e-14	6.3036721196e-21	1.2385069058e-21	3.1084207674e-14
9.4730129686e+04	2.5383475131e-14	6.3146307103e-21	1.2503977756e-21	3.1066572097e-14
9.4745986902e+04	2.5400759789e-14	5.9831021455e-21	1.2305551801e-21	3.0973143661e-14
9.4749181011e+04	2.5377461534e-14	5.8550913656e-21	1.2131527586e-21	3.0954243141e-14
9.4765221845e+04	2.5393948361e-14	5.2052152807e-21	1.1178947565e-21	3.0871175190e-14
9.4768452940e+04	2.5502589497e-14	5.1119324835e-21	1.1055646061e-21	3.0856030098e-14
9.4784679518e+04	2.5386929133e-14	4.9878586596e-21	1.1160477569e-21	3.0776159585e-14
9.4787948027e+04	2.5363832279e-14	5.0312501987e-21	1.1332520299e-21	3.0759832826e-14
9.4804362501e+04	2.5378920286e-14	5.4643079267e-21	1.2712084577e-21	3.0686384296e-14
9.4807668857e+04	2.5355751700e-14	5.5642183933e-21	1.3026458721e-21	3.0672779341e-14
9.4824273401e+04	2.5369916944e-14	5.8479264324e-21	1.4118205804e-21	3.0600770146e-14
9.4827618044e+04	2.5346814866e-14	5.8387333374e-21	1.4181014018e-21	3.0585873712e-14
9.4844414859e+04	2.5360728846e-14	5.5034965595e-21	1.3764563585e-21	3.0517906943e-14
9.4847798231e+04	2.5337681623e-14	5.4029928162e-21	1.3590956241e-21	3.0505356117e-14
9.4864789544e+04	2.5350712304e-14	4.9428645095e-21	1.2786684273e-21	3.0439844333e-14
9.4868212093e+04	2.5327530172e-14	4.8812787534e-21	1.2696814062e-21	3.0426282545e-14
9.4885400157e+04	2.5339483311e-14	4.8401776588e-21	1.2931767257e-21	3.0364136596e-14
9.4888862337e+04	2.5316262882e-14	4.8880966064e-21	1.3128541709e-21	3.0352796348e-14
9.4906249429e+04	2.5327916921e-14	5.3027950246e-21	1.4612596199e-21	3.0294296028e-14
9.4909751700e+04	2.5304706552e-14	5.3973995363e-21	1.4948332960e-21	3.0282080697e-14
9.4927340125e+04	2.5315641863e-14	5.8007583612e-21	1.6465834866e-21	3.0225303417e-14
9.4930882950e+04	2.5292253578e-14	5.8644114356e-21	1.6727118678e-21	3.0214980358e-14
9.4948675039e+04	2.5302132132e-14	6.1075564048e-21	1.7837375951e-21	3.0162158710e-14
9.4952258888e+04	2.5278640463e-14	6.1406824576e-21	1.8017553325e-21	3.0150969912e-14
9.4970257000e+04	2.5288247732e-14	6.2147169104e-21	1.8653970232e-21	3.0097730132e-14
9.4973882348e+04	2.5264734489e-14	6.2117310689e-21	1.8728438563e-21	3.0088037365e-14
9.4992088869e+04	2.5273708699e-14	6.1081380379e-21	1.8823389686e-21	3.0039481482e-14
9.4995756196e+04	2.5249986240e-14	6.0687804683e-21	1.8782679387e-21	3.0029193745e-14
9.5014173538e+04	2.5257838949e-14	5.8281867925e-21	1.8422219626e-21	2.9979202397e-14
9.5017883331e+04	2.5358446103e-14	5.7832377226e-21	1.8356048166e-21	2.9970064311e-14
9.5036513936e+04	2.5241475505e-14	5.6258700952e-21	1.8223151021e-21	2.9925481740e-14
9.5040266686e+04	2.5217591345e-14	5.6064367782e-21	1.8232947589e-21	2.9916124496e-14
9.5059113024e+04	2.5224494070e-14	5.5406281130e-21	1.8375830142e-21	2.9869692404e-14
9.5062909229e+04	2.5200449078e-14	5.5305112440e-21	1.8413214754e-21	2.9861094294e-14
9.5081973796e+04	2.5206351579e-14	5.4696046222e-21	1.8558726851e-21	2.9819923274e-14
9.5085813959e+04	2.5306555274e-14	5.4519112732e-21	1.8567821332e-21	2.9811378460e-14
9.5105099284e+04	2.5311369583e-14	5.3279441937e-21	1.8481010580e-21	2.9768147151e-14
9.5108983914e+04	2.5287952609e-14	5.2979119657e-21	1.8443245485e-21	2.9759993764e-14
9.5128492552e+04	2.5168868690e-14	5.1490326450e-21	1.8245379423e-21	2.9721365065e-14
9.5132422164e+04	2.5144756119e-14	5.1235913331e-21	1.8218716541e-21	2.9713443527e-14
9.5152156702e+04	2.5148784431e-14	5.0542068826e-21	1.8282911778e-21	2.9672858272e-14
9.5156131817e+04	2.5124725884e-14	5.0564789346e-21	1.8353069134e-21	2.9665095382e-14
9.5176094870e+04	2.5250859164e-14	5.1608583922e-21	1.9045768858e-21	2.9628707867e-14
9.5180116014e+04	2.5227082373e-14	5.1959517827e-21	1.9238196842e-21	2.9621354335e-14
9.5200310228e+04	2.5229303308e-14	5.3832744219e-21	2.0255386360e-21	2.9583368135e-14
9.5204377935e+04	2.5205406490e-14	5.4178244487e-21	2.0450240186e-21	2.9576015691e-14
9.5224805987e+04	2.5086116783e-14	5.5590931062e-21	2.1313840820e-21	2.9541847961e-14
9.5228920796e+04	2.5183012813e-14	5.5806120555e-21	2.1462383624e-21	2.9535028740e-14
9.5249585394e+04	2.5184293561e-14	5.6622484545e-21	2.2108991002e-21	2.9499389023e-14
9.5253747850e+04	2.5160543537e-14	5.6766343767e-21	2.2231568136e-21	2.9492370282e-14
9.5274651733e+04	2.5161042670e-14	5.7580743961e-21	2.2884914714e-21	2.9459885464e-14
9.5278862388e+04	2.5137301015e-14	5.7742027757e-21	2.3015788985e-21	2.9453492901e-14
9.5300008326e+04	2.5137183273e-14	5.8175032443e-21	2.3522367918e-21	2.9419886060e-14
9.5304267738e+04	2.5113618999e-14	5.8173303974e-21	2.3588171279e-21	2.9413171789e-14
9.5325658535e+04	2.5113270259e-14	5.7887002448e-21	2.3800608329e-21	2.9382229618e-14
9.5329967268e+04	2.5089818327e-14	5.7787534793e-21	2.3825016619e-21	2.9376248577e-14
9.5351605759e+04	2.5088680694e-14	5.7151763931e-21	2.3883538245e-21	2.9344794370e-14
9.5355964385e+04	2.5065292273e-14	5.7039001444e-21	2.3900136446e-21	2.9338421843e-14
9.5377853438e+04	2.5178287079e-14	5.7017449418e-21	2.4207331898e-21	2.9308934908e-14
9.5382262535e+04	2.5154918936e-14	5.7130562803e-21	2.4318448310e-21	2.9303293267e-14
9.5404405050e+04	2.5038800773e-14	5.7686940153e-21	2.4871555176e-21	2.9273681687e-14
9.5408865202e+04	2.5015503061e-14	5.7708897925e-21	2.4944024353e-21	2.9267618294e-14
9.5431264116e+04	2.5012828458e-14	5.7263607048e-21	2.5061914375e-21	2.9239395097e-14
9.5435775914e+04	2.5102392822e-14	5.7103510532e-21	2.5053474366e-21	2.9234037533e-14
9.5458434195e+04	2.5098806822e-14	5.6324215811e-21	2.5013344454e-21	2.9206122049e-14
9.5462998238e+04	2.5075717611e-14	5.6222375204e-21	2.5028099589e-21	2.9200379060e-14
9.5485918889e+04	2.5071507964e-14	5.6297895252e-21	2.5359900699e-21	2.9173395201e-14
9.5490535781e+04	2.5048344445e-14	5.6424781853e-21	2.5476566901e-21	2.9168262782e-14
9.5513721840e+04	2.5043581676e-14	5.7151159063e-21	2.6103772957e-21	2.9141644772e-14
9.5518392193e+04	2.5020398666e-14	5.7258270871e-21	2.6212393006e-21	2.9136169368e-14
9.5541846735e+04	2.5015345356e-14	5.7576256519e-21	2.6655976052e-21	2.9110351296e-14
9.5546571168e+04	2.4991978851e-14	5.7619903724e-21	2.6735569462e-21	2.9105448327e-14
9.5570297301e+04	2.5095486956e-14	5.7850858583e-21	2.7138737676e-21	2.9080313108e-14
9.5575076440e+04	2.5072477983e-14	5.7915745063e-21	2.7228184707e-21	2.9075190483e-14
9.5599077308e+04	2.4955913809e-14	5.8530273620e-21	2.7813149374e-21	2.9050828160e-14
9.5603911787e+04	2.4932115254e-14	5.8712909227e-21	2.7959071667e-21	2.9046094044e-14
9.5628190572e+04	2.5035356894e-14	5.9482527813e-21	2.8622990068e-21	2.9021429370e-14
9.5633081032e+04	2.5012005379e-14	5.9539263101e-21	2.8709572157e-21	2.9016420680e-14
9.5657640952e+04	2.5003909309e-14	5.9285129090e-21	2.8880075735e-21	2.8993186052e-14
9.5662588041e+04	2.4980352218e-14	5.9169835482e-21	2.8882150637e-21	2.8988777840e-14
9.5687432352e+04	2.4971916076e-14	5.8599213382e-21	2.8889956685e-21	2.8965812099e-14
9.5692436725e+04	2.4948103781e-14	5.8513491740e-21	2.8904628713e-21	2.8961087309e-14
9.5717568719e+04	2.4938728883e-14	5.8352725232e-21	2.9107084298e-21	2.8938608140e-14
9.5722631040e+04	2.4914677967e-14	5.8372479979e-21	2.9173084464e-21	2.8934243842e-14
9.5748054050e+04	2.5013756168e-14	5.8582308655e-21	2.9557692654e-21	2.8911726777e-14
9.5753174989e+04	2.4990182890e-14	5.8633669251e-21	2.9639358531e-21	2.8907209170e-14
9.5778892383e+04	2.4979532013e-14	5.9039038006e-21	3.0122967675e-21	2.8886035020e-14
9.5784072621e+04	2.4955636846e-14	5.9176503442e-21	3.0248729409e-21	2.8881908324e-14
9.5810087808e+04	2.4944240190e-14	6.0318306018e-21	3.1113848984e-21	2.8860397720e-14
9.5815328030e+04	2.4920247656e-14	6.0655534084e-21	3.1344162101e-21	2.8856064793e-14
9.5841644459e+04	2.4908615545e-14	6.3013600080e-21	3.2853394856e-21	2.8835551864e-14
9.5846945360e+04	2.4884614011e-14	6.3635461961e-21	3.3236068598e-21	2.8831502350e-14
9.5873566518e+04	2.4979212696e-14	6.7547320148e-21	3.5587220581e-21	2.8810616927e-14
9.5878928801e+04	2.4955293447e-14	6.8496578534e-21	3.6149534888e-21	2.8806495192e-14
9.5905858218e+04	2.4836052992e-14	7.4089534490e-21	3.9435255608e-21	2.8787032444e-14
9.5911282593e+04	2.4918238353e-14	7.5378773554e-21	4.0189136876e-21	2.8783149697e-14
9.5938523838e+04	2.4904591191e-14	8.2638292806e-21	4.4427914572e-21	2.8763160848e-14
9.5944011024e+04	2.4880711891e-14	8.4259147792e-21	4.5374087363e-21	2.8759240719e-14
9.5971567708e+04	2.4866795028e-14	9.3252141165e-21	5.0627688782e-21	2.8740483098e-14
9.5977118432e+04	2.4947487554e-14	9.5244465693e-21	5.1792896429e-21	2.8736688348e-14
9.6004994207e+04	2.4829286221e-14	1.0618593602e-20	5.8205189618e-21	2.8717447710e-14
9.6010609206e+04	2.4805978551e-14	1.0856548589e-20	5.9603672277e-21	2.8713734858e-14
9.6038807768e+04	2.4893447548e-14	1.2118707826e-20	6.7054798819e-21	2.8695725833e-14
9.6044487785e+04	2.4869878319e-14	1.2383862859e-20	6.8628107033e-21	2.8692033957e-14
9.6073012871e+04	2.4854606712e-14	1.3759933296e-20	7.6839533951e-21	2.8673573558e-14
9.6078758660e+04	2.4932675503e-14	1.4045628337e-20	7.8553968754e-21	2.8670040837e-14
9.6107614050e+04	2.4815724741e-14	1.5532925845e-20	8.7525577924e-21	2.8652592305e-14
9.6113426373e+04	2.4792705402e-14	1.5846569717e-20	8.9425665558e-21	2.8648997124e-14
9.6142615893e+04	2.4777083975e-14	1.7516101332e-20	9.9575694555e-21	2.8631393785e-14
9.6148495518e+04	2.4852681654e-14	1.7870502122e-20	1.0173839122e-20	2.8628039359e-14
9.6178023037e+04	2.4835909074e-14	1.9709739488e-20	1.1301968301e-20	2.8611079349e-14
9.6183970746e+04	2.4812937627e-14	2.0088954018e-20	1.1535864044e-20	2.8607573236e-14
9.6213840177e+04	2.4796021604e-14	2.2039274714e-20	1.2745389629e-20	2.8590674784e-14
9.6219856757e+04	2.4773220616e-14	2.2444960321e-20	1.2998163867e-20	2.8587439109e-14
9.6250072060e+04	2.4755959431e-14	2.4602755492e-20	1.4346619978e-20	2.8570891684e-14
9.6256158308e+04	2.4829372814e-14	2.5069489734e-20	1.4638843640e-20	2.8567522657e-14
9.6286723488e+04	2.4811185703e-14	2.7583483315e-20	1.6216398273e-20	2.8551494489e-14
9.6292880212e+04	2.4788423029e-14	2.8117521205e-20	1.6552598160e-20	2.8548369019e-14
9.6323799320e+04	2.4770055484e-14	3.0899464510e-20	1.8311632074e-20	2.8532188144e-14
9.6330027335e+04	2.4747141319e-14	3.1480759850e-20	1.8680731774e-20	2.8528940806e-14
9.6361304470e+04	2.4727939997e-14	3.4539410353e-20	2.0629801448e-20	2.8513498938e-14
9.6367604602e+04	2.4800073565e-14	3.5192413384e-20	2.1047028580e-20	2.8510432049e-14
9.6399243909e+04	2.4780546879e-14	3.8766566456e-20	2.3333318372e-20	2.8494774622e-14
9.6405616993e+04	2.4757650063e-14	3.9553472625e-20	2.3837171743e-20	2.8491719744e-14
9.6437622666e+04	2.4737234052e-14	4.3760877927e-20	2.6538781117e-20	2.8476986891e-14
9.6444069547e+04	2.4713995805e-14	4.4642296727e-20	2.7107035272e-20	2.8473976689e-14
9.6476445827e+04	2.4693037661e-14	4.9206878311e-20	3.0063181204e-20	2.8458802078e-14
9.6482967360e+04	2.4764577242e-14	5.0161046376e-20	3.0683587174e-20	2.8455891320e-14
9.6515718540e+04	2.4743035608e-14	5.5204112998e-20	3.3973064804e-20	2.8441513259e-14
9.6522315589e+04	2.4719763449e-14	5.6286490160e-20	3.4680713412e-20	2.8438558739e-14
9.6555446010e+04	2.4697596789e-14	6.2177981128e-20	3.8538572019e-20	2.8424142645e-14
9.6562119449e+04	2.4674075253e-14	6.3451121671e-20	3.9373974924e-20	2.8421366173e-14
9.6595633502e+04	2.4745390736e-14	7.0079398890e-20	4.3740939517e-20	2.8407445254e-14
9.6602384215e+04	2.4722071598e-14	7.1442175731e-20	4.4643064691e-20	2.8404548518e-14
9.6636286343e+04	2.4698711565e-14	7.8446016765e-20	4.9300557955e-20	2.8390639260e-14
9.6643115226e+04	2.4768201126e-14	7.9900044223e-20	5.0271334743e-20	2.8388080762e-14
9.6677409922e+04	2.4651390665e-14	8.7511456427e-20	5.5370047391e-20	2.8373820254e-14
9.6684317880e+04	2.4627785126e-14	8.9124716341e-20	5.6453607345e-20	2.8370825571e-14
9.6719009689e+04	2.4696600208e-14	9.7682639410e-20	6.2216216708e-20	2.8357947605e-14
9.6725997638e+04	2.4673155166e-14	9.9473469949e-20	6.3426149801e-20	2.8355026423e-14
9.6761091160e+04	2.4740138440e-14	1.0855467357e-19	6.9592020120e-20	2.8341903783e-14
9.6768160024e+04	2.4716787007e-14	1.1039462404e-19	7.0847615225e-20	2.8338933141e-14
9.6803659910e+04	2.4691312707e-14	1.1981774747e-19	7.7304806397e-20	2.8324912665e-14
9.6810810629e+04	2.4667956609e-14	1.2176532535e-19	7.8644273168e-20	2.8321449913e-14
9.6846721584e+04	2.4642350653e-14	1.3182778397e-19	8.5588941702e-20	2.8305727604e-14
9.6853955103e+04	2.4709435071e-14	1.3391071168e-19	8.7031420762e-20	2.8305604584e-14
9.6890281888e+04	2.4683086460e-14	1.4451847810e-19	9.4408596173e-20	2.8289933382e-14
9.6897599168e+04	2.4659862009e-14	1.4666288099e-19	9.5907051734e-20	2.8285357611e-14
9.6934346596e+04	2.4633452320e-14	1.5745177221e-19	1.0348237676e-19	2.8266690213e-14
9.6941748607e+04	2.4610252421e-14	1.5964010695e-19	1.0502563663e-19	2.8260636101e-14
9.6978921550e+04	2.4672013333e-14	1.7072177632e-19	1.1287370009e-19	2.8249948129e-14
9.6986409272e+04	2.4648930772e-14	1.7296775236e-19	1.1447112090e-19	2.8243480224e-14
9.7024012658e+04	2.4621734481e-14	1.8434423526e-19	1.2259528754e-19	2.8220134365e-14
9.7031587083e+04	2.4598610237e-14	1.8664547294e-19	1.2424567599e-19	2.8211613839e-14
9.7069625896e+04	2.4570892967e-14	1.9806117062e-19	1.3247695307e-19	2.8182959102e-14
9.7077288029e+04	2.4635324512e-14	2.0032317155e-19	1.3411723960e-19	2.8193309979e-14
9.7115767310e+04	2.4607250824e-14	2.1160374490e-19	1.4233722801e-19	2.8164307748e-14
9.7123518167e+04	2.4670578709e-14	2.1387531146e-19	1.4399957939e-19	2.8175221625e-14
9.7162443017e+04	2.4555218437e-14	2.2522705927e-19	1.5234501152e-19	2.8120151056e-14
9.7209659203e+04	2.4589846868e-14	2.3864973653e-19	1.6230818902e-19	2.8100813907e-14
9.7257422127e+04	2.4622822057e-14	2.5166835936e-19	1.7208383630e-19	2.8081396778e-14
9.7305738119e+04	2.4569392226e-14	2.6446332052e-19	1.8178998756e-19	2.8034086358e-14
9.7354613584e+04	2.4600769659e-14	2.7698538023e-19	1.9138871469e-19	2.8015068505e-14
9.7404055001e+04	2.4545726962e-14	2.8920060325e-19	2.0085210037e-19	2.7968166399e-14
9.7454068922e+04	2.4575586506e-14	3.0133095234e-19	2.1033045955e-19	2.7949684994e-14
9.7504661977e+04	2.4604142149e-14	3.1371512933e-19	2.2005915989e-19	2.7931172655e-14
9.7555840871e+04	2.4547202316e-14	3.2661946774e-19	2.3022722906e-19	2.7884205938e-14
9.7607612390e+04	2.4574216525e-14	3.4061938580e-19	2.4124616604e-19	2.7865706432e-14
9.7659983394e+04	2.4516021765e-14	3.5647790121e-19	2.5366855148e-19	2.7813465819e-14
9.7712960826e+04	2.4541320507e-14	3.7510517138e-19	2.6816200180e-19	2.7793377964e-14
9.7766551708e+04	2.4565479912e-14	3.9767111011e-19	2.8559216321e-19	2.7772728422e-14
9.7820763143e+04	2.4506165736e-14	4.2550548110e-19	3.0695449827e-19	2.7709281898e-14
9.7875602317e+04	2.4528640133e-14	4.6027025770e-19	3.3350130220e-19	2.7686591390e-14
9.7931076499e+04	2.4469382267e-14	5.0405810637e-19	3.6681813982e-19	2.7616326994e-14
9.7987193041e+04	2.4490143569e-14	5.5874051764e-19	4.0835356268e-19	2.7593102591e-14
9.8043959382e+04	2.4509700835e-14	6.2676619413e-19	4.6000094220e-19	2.7569845458e-14
9.8101383047e+04	2.4450054451e-14	7.1151196049e-19	5.2436524694e-19	2.7502571433e-14
9.8159471646e+04	2.4468032606e-14	8.1555392521e-19	6.0349689142e-19	2.7480982486e-14
9.8218232879e+04	2.4407551077e-14	9.4118580948e-19	6.9926380593e-19	2.7418936394e-14
9.8277674536e+04	2.4424064234e-14	1.0937428594e-18	8.1582578413e-19	2.7397989766e-14
9.8337804494e+04	2.4439560421e-14	1.2769161888e-18	9.5616934391e-19	2.7376986633e-14
9.8398630725e+04	2.4376951251e-14	1.4878766514e-18	1.1184170745e-18	2.7313252481e-14
9.8460161290e+04	2.4467501836e-14	1.7363384090e-18	1.3101178717e-18	2.7333751753e-14
9.8522404345e+04	2.4403935048e-14	2.0273729758e-18	1.5354086028e-18	2.7267557187e-14
9.8585368141e+04	2.4415857454e-14	2.3612067352e-18	1.7947926907e-18	2.7243835314e-14
9.8649061023e+04	2.4351114012e-14	2.7432654061e-18	2.0927346609e-18	2.7172305183e-14
9.8713491435e+04	2.4361598942e-14	3.1780442554e-18	2.4330379634e-18	2.7147802283e-14
9.8778667915e+04	2.4371149913e-14	3.6706210735e-18	2.8199933097e-18	2.7123199882e-14
9.8844599103e+04	2.4379764224e-14	4.2181434407e-18	3.2518226044e-18	2.7098621459e-14
9.8911293739e+04	2.4387349415e-14	4.8314229093e-18	3.7372774704e-18	2.7073670697e-14
9.8978760662e+04	2.4321824867e-14	5.5071351569e-18	4.2742411680e-18	2.6998742946e-14
9.9047008815e+04	2.4328205630e-14	6.2420721477e-18	4.8606424630e-18	2.6972206582e-14
9.9116047244e+04	2.4333745198e-14	7.0475704486e-18	5.5057300316e-18	2.6944698365e-14
9.9185885101e+04	2.4338358984e-14	7.9167863343e-18	6.2046082890e-18	2.6916290861e-14
9.9256531642e+04	2.4271435760e-14	8.8478281616e-18	6.9561960432e-18	2.6830754631e-14
9.9327996232e+04	2.4345035488e-14	9.8413389322e-18	7.7613827351e-18	2.6857198267e-14
9.9400288342e+04	2.4276968355e-14	1.0891392981e-17	8.6158584592e-18	2.6771449730e-14
9.9473417556e+04	2.4278418176e-14	1.1993591334e-17	9.5164587806e-18	2.6742327316e-14
9.9547393566e+04	2.4278955682e-14	1.3145348945e-17	1.0461413171e-17	2.6713400655e-14
9.9622226178e+04	2.4278568103e-14	1.4338800738e-17	1.1444705428e-17	2.6684817424e-14
